0
Number of atoms: 44
Ground state energy derivatives
6.383156999999999980e-04 -2.248541599999999939e-03 -1.429608599999999952e-03
-4.640725999999999857e-04 -8.900530000000000247e-04 2.795867300000000159e-03
7.160801999999999749e-04 -1.977346300000000154e-03 -1.463181700000000052e-03
-1.714049999999999962e-05 -2.186139399999999840e-03 2.034112900000000120e-03
5.480453000000000364e-04 -1.649774799999999958e-03 -2.730020200000000171e-03
-1.797217299999999927e-03 -1.660411199999999943e-03 -9.123488999999999818e-04
-2.976608999999999744e-04 -3.974535999999999868e-03 4.963396099999999728e-03
2.746372000000000071e-04 -1.664709299999999996e-03 -7.119950100000000358e-03
3.124710000000000107e-05 4.567225999999999968e-04 -1.152619999999999986e-05
1.919920799999999929e-03 -4.723649999999999811e-04 -6.079130999999999988e-04
-5.716534000000000112e-04 5.098389699999999851e-03 -2.770226000000000199e-03
-6.946286999999999991e-04 2.505009999999999924e-05 1.770743300000000072e-03
3.488925899999999799e-03 7.875408800000000681e-03 1.515529500000000005e-03
2.657363000000000260e-04 -5.555831999999999698e-04 -1.951270999999999973e-04
-2.276017300000000073e-03 -6.912699999999999901e-06 -1.252803200000000101e-03
-3.170383000000000034e-04 -1.990163300000000191e-03 2.245679899999999864e-03
3.677671999999999886e-03 -3.331751200000000052e-03 4.417520500000000037e-03
1.560325999999999901e-03 -2.376388200000000180e-03 -2.411389999999999964e-04
1.355540900000000003e-03 6.994355999999999750e-04 -8.898054000000000510e-04
-2.558986999999999764e-04 4.659480799999999971e-03 -2.901028999999999847e-03
-1.023625490000000006e-02 1.159983999999999972e-04 6.701336999999999702e-04
-1.108760999999999991e-03 2.232248400000000181e-03 -3.670785999999999993e-04
1.058360400000000080e-03 -2.702443000000000119e-03 -3.206636299999999790e-03
3.116512899999999975e-03 -4.278080000000000077e-03 -4.318463600000000020e-03
7.562951999999999956e-04 7.602257000000000285e-04 -5.583162999999999928e-04
1.718527000000000075e-03 -7.997682999999999572e-04 2.922532299999999923e-03
-1.368871200000000088e-03 -1.263181900000000029e-03 1.254859500000000050e-03
3.670089999999999957e-05 8.488013999999999672e-04 -4.809314000000000080e-04
1.775148700000000069e-03 -3.370426399999999854e-03 1.277870900000000051e-03
-8.606316999999999613e-04 4.039092700000000008e-03 5.649411000000000450e-04
-2.205050699999999871e-03 -4.571118000000000100e-04 -1.253248200000000060e-03
1.589142300000000087e-03 1.095331999999999968e-04 -6.055146000000000183e-04
-2.470362399999999955e-03 5.017022700000000127e-03 3.636212000000000211e-04
5.477742999999999978e-04 4.003390000000000307e-05 4.121009000000000239e-04
-7.413632000000000511e-04 3.880854400000000124e-03 -3.151630099999999917e-03
9.983903999999999609e-04 -2.182013000000000008e-03 2.462732899999999902e-03
2.266884199999999894e-03 -3.962738700000000176e-03 -1.383399200000000068e-03
9.144551000000000329e-04 -3.276395699999999894e-03 2.702163699999999853e-03
2.630946600000000097e-03 1.332645500000000094e-03 2.631243599999999894e-03
-2.070341600000000053e-03 6.574360999999999920e-04 1.048710700000000029e-03
1.042282100000000095e-03 -2.764407600000000180e-03 4.038501999999999912e-04
-2.588315900000000194e-03 7.370282799999999974e-03 -1.906962600000000098e-03
-1.453487299999999937e-03 2.149290700000000120e-03 1.881089199999999920e-03
-1.133099700000000064e-03 2.673288499999999963e-03 1.418160400000000043e-03
Excited state energy derivatives
5.820674999999999764e-04 -2.248862400000000046e-03 -1.797554700000000057e-03
-1.366949099999999933e-03 8.405274100000000373e-03 -1.619231280000000064e-02
3.804985999999999893e-04 -1.822158200000000006e-03 -1.756062100000000108e-03
-3.801790000000000068e-05 -2.098902299999999815e-03 2.389476900000000060e-03
-3.412887199999999933e-03 1.215832470000000054e-02 1.290938330000000051e-02
-1.927054199999999945e-03 -1.156462000000000028e-03 -1.316600800000000075e-03
-4.328585700000000050e-03 1.625689770000000173e-02 -2.311495049999999843e-02
3.584191200000000094e-03 -1.755046089999999850e-02 1.623924460000000097e-02
1.826533000000000084e-04 1.036744600000000021e-03 1.023498999999999980e-03
1.785522000000000107e-03 7.530370000000000206e-05 -1.147384599999999978e-03
7.642381000000000174e-03 -3.242503020000000319e-02 -7.463797799999999719e-03
6.458896300000000097e-03 -2.084461350000000116e-02 -1.747864010000000148e-02
3.031677300000000085e-03 6.581167100000000214e-03 2.206200199999999809e-03
7.473420000000000150e-04 -1.766706500000000003e-03 1.894179499999999912e-03
-2.594276500000000131e-03 8.464654999999999749e-04 -1.058731800000000094e-03
-1.003994800000000080e-03 -1.807851399999999996e-03 2.424827400000000195e-03
-2.827282600000000177e-03 2.681085009999999852e-02 1.486446949999999968e-02
-6.374031100000000089e-03 2.568649500000000016e-02 2.207375699999999941e-02
1.272896699999999945e-03 1.625868099999999965e-03 -7.024833000000000509e-04
4.270928799999999630e-03 -1.540862699999999939e-02 5.937774000000000047e-04
-9.318061100000000346e-03 -5.861297399999999824e-03 1.171651699999999921e-03
3.676516400000000035e-03 -3.611780280000000121e-02 1.531633469999999983e-02
-2.372755900000000136e-03 1.457234659999999925e-02 2.589225499999999857e-03
7.606762000000000202e-04 2.699385730000000011e-02 -2.192297240000000078e-02
9.948045999999999452e-04 1.141689200000000053e-03 -1.800419200000000003e-03
1.571621299999999928e-03 -1.636147999999999975e-04 3.168907800000000160e-03
-1.562183100000000009e-03 -5.163141999999999905e-04 1.637507100000000103e-03
2.519649999999999838e-05 8.001984999999999654e-04 4.053811999999999737e-04
2.674611600000000120e-03 -3.729375799999999890e-03 5.046201000000000375e-04
3.284819999999999927e-03 -1.724129660000000078e-02 -5.373602899999999766e-03
-2.475587899999999886e-03 2.114670000000000135e-04 -1.324121400000000072e-03
1.520409500000000080e-03 8.491145000000000507e-04 -6.942756999999999705e-04
1.551442099999999916e-03 -2.239339740000000079e-02 2.543641499999999868e-03
7.871568999999999918e-04 -1.820742699999999999e-03 -1.475829699999999921e-03
1.948368100000000052e-03 -1.639566840000000053e-02 1.505047309999999958e-02
-2.848191600000000122e-03 1.539967620000000023e-02 1.792379159999999902e-02
1.750010800000000033e-03 -3.026232599999999998e-03 -8.285446800000000403e-03
-1.579300600000000049e-03 1.857320709999999916e-02 -9.900040900000000449e-03
2.715559599999999973e-03 2.284983200000000048e-03 2.114960099999999964e-03
-2.318071000000000107e-03 1.694538300000000093e-03 5.939552000000000286e-04
-1.977664200000000139e-03 1.014351219999999956e-02 -1.983998500000000095e-02
-2.491838200000000194e-03 7.360170299999999749e-03 2.736330999999999941e-04
-1.269840800000000000e-03 2.213561399999999877e-03 1.464332299999999932e-03
-1.113674100000000078e-03 2.673704900000000145e-03 1.267982800000000019e-03
Center of mass derivatives - x
2.679548689419507940e-03 0.000000000000000000e+00 0.000000000000000000e+00
3.190492703847572220e-02 0.000000000000000000e+00 0.000000000000000000e+00
2.679548689419507940e-03 0.000000000000000000e+00 0.000000000000000000e+00
2.679548689419507940e-03 0.000000000000000000e+00 0.000000000000000000e+00
3.190492703847572220e-02 0.000000000000000000e+00 0.000000000000000000e+00
2.679548689419507940e-03 0.000000000000000000e+00 0.000000000000000000e+00
3.190492703847572220e-02 0.000000000000000000e+00 0.000000000000000000e+00
3.190492703847572220e-02 0.000000000000000000e+00 0.000000000000000000e+00
3.190492703847572220e-02 0.000000000000000000e+00 0.000000000000000000e+00
2.679548689419507940e-03 0.000000000000000000e+00 0.000000000000000000e+00
3.190492703847572220e-02 0.000000000000000000e+00 0.000000000000000000e+00
3.190492703847572220e-02 0.000000000000000000e+00 0.000000000000000000e+00
3.723058787830131611e-02 0.000000000000000000e+00 0.000000000000000000e+00
3.190492703847572220e-02 0.000000000000000000e+00 0.000000000000000000e+00
2.679548689419507940e-03 0.000000000000000000e+00 0.000000000000000000e+00
2.679548689419507940e-03 0.000000000000000000e+00 0.000000000000000000e+00
3.723058787830131611e-02 0.000000000000000000e+00 0.000000000000000000e+00
3.190492703847572220e-02 0.000000000000000000e+00 0.000000000000000000e+00
2.679548689419507940e-03 0.000000000000000000e+00 0.000000000000000000e+00
3.190492703847572220e-02 0.000000000000000000e+00 0.000000000000000000e+00
6.377009256162974316e-02 0.000000000000000000e+00 0.000000000000000000e+00
3.190492703847572220e-02 0.000000000000000000e+00 0.000000000000000000e+00
3.190492703847572220e-02 0.000000000000000000e+00 0.000000000000000000e+00
3.723058787830131611e-02 0.000000000000000000e+00 0.000000000000000000e+00
3.190492703847572220e-02 0.000000000000000000e+00 0.000000000000000000e+00
2.679548689419507940e-03 0.000000000000000000e+00 0.000000000000000000e+00
2.679548689419507940e-03 0.000000000000000000e+00 0.000000000000000000e+00
3.190492703847572220e-02 0.000000000000000000e+00 0.000000000000000000e+00
3.723058787830131611e-02 0.000000000000000000e+00 0.000000000000000000e+00
3.190492703847572220e-02 0.000000000000000000e+00 0.000000000000000000e+00
2.679548689419507940e-03 0.000000000000000000e+00 0.000000000000000000e+00
2.679548689419507940e-03 0.000000000000000000e+00 0.000000000000000000e+00
3.190492703847572220e-02 0.000000000000000000e+00 0.000000000000000000e+00
3.190492703847572220e-02 0.000000000000000000e+00 0.000000000000000000e+00
3.190492703847572220e-02 0.000000000000000000e+00 0.000000000000000000e+00
3.190492703847572220e-02 0.000000000000000000e+00 0.000000000000000000e+00
3.190492703847572220e-02 0.000000000000000000e+00 0.000000000000000000e+00
3.190492703847572220e-02 0.000000000000000000e+00 0.000000000000000000e+00
2.679548689419507940e-03 0.000000000000000000e+00 0.000000000000000000e+00
2.679548689419507940e-03 0.000000000000000000e+00 0.000000000000000000e+00
3.190492703847572220e-02 0.000000000000000000e+00 0.000000000000000000e+00
4.252638204798726146e-02 0.000000000000000000e+00 0.000000000000000000e+00
2.679548689419507940e-03 0.000000000000000000e+00 0.000000000000000000e+00
2.679548689419507940e-03 0.000000000000000000e+00 0.000000000000000000e+00
Center of mass derivatives - y
0.000000000000000000e+00 2.679548689419507940e-03 0.000000000000000000e+00
0.000000000000000000e+00 3.190492703847572220e-02 0.000000000000000000e+00
0.000000000000000000e+00 2.679548689419507940e-03 0.000000000000000000e+00
0.000000000000000000e+00 2.679548689419507940e-03 0.000000000000000000e+00
0.000000000000000000e+00 3.190492703847572220e-02 0.000000000000000000e+00
0.000000000000000000e+00 2.679548689419507940e-03 0.000000000000000000e+00
0.000000000000000000e+00 3.190492703847572220e-02 0.000000000000000000e+00
0.000000000000000000e+00 3.190492703847572220e-02 0.000000000000000000e+00
0.000000000000000000e+00 3.190492703847572220e-02 0.000000000000000000e+00
0.000000000000000000e+00 2.679548689419507940e-03 0.000000000000000000e+00
0.000000000000000000e+00 3.190492703847572220e-02 0.000000000000000000e+00
0.000000000000000000e+00 3.190492703847572220e-02 0.000000000000000000e+00
0.000000000000000000e+00 3.723058787830131611e-02 0.000000000000000000e+00
0.000000000000000000e+00 3.190492703847572220e-02 0.000000000000000000e+00
0.000000000000000000e+00 2.679548689419507940e-03 0.000000000000000000e+00
0.000000000000000000e+00 2.679548689419507940e-03 0.000000000000000000e+00
0.000000000000000000e+00 3.723058787830131611e-02 0.000000000000000000e+00
0.000000000000000000e+00 3.190492703847572220e-02 0.000000000000000000e+00
0.000000000000000000e+00 2.679548689419507940e-03 0.000000000000000000e+00
0.000000000000000000e+00 3.190492703847572220e-02 0.000000000000000000e+00
0.000000000000000000e+00 6.377009256162974316e-02 0.000000000000000000e+00
0.000000000000000000e+00 3.190492703847572220e-02 0.000000000000000000e+00
0.000000000000000000e+00 3.190492703847572220e-02 0.000000000000000000e+00
0.000000000000000000e+00 3.723058787830131611e-02 0.000000000000000000e+00
0.000000000000000000e+00 3.190492703847572220e-02 0.000000000000000000e+00
0.000000000000000000e+00 2.679548689419507940e-03 0.000000000000000000e+00
0.000000000000000000e+00 2.679548689419507940e-03 0.000000000000000000e+00
0.000000000000000000e+00 3.190492703847572220e-02 0.000000000000000000e+00
0.000000000000000000e+00 3.723058787830131611e-02 0.000000000000000000e+00
0.000000000000000000e+00 3.190492703847572220e-02 0.000000000000000000e+00
0.000000000000000000e+00 2.679548689419507940e-03 0.000000000000000000e+00
0.000000000000000000e+00 2.679548689419507940e-03 0.000000000000000000e+00
0.000000000000000000e+00 3.190492703847572220e-02 0.000000000000000000e+00
0.000000000000000000e+00 3.190492703847572220e-02 0.000000000000000000e+00
0.000000000000000000e+00 3.190492703847572220e-02 0.000000000000000000e+00
0.000000000000000000e+00 3.190492703847572220e-02 0.000000000000000000e+00
0.000000000000000000e+00 3.190492703847572220e-02 0.000000000000000000e+00
0.000000000000000000e+00 3.190492703847572220e-02 0.000000000000000000e+00
0.000000000000000000e+00 2.679548689419507940e-03 0.000000000000000000e+00
0.000000000000000000e+00 2.679548689419507940e-03 0.000000000000000000e+00
0.000000000000000000e+00 3.190492703847572220e-02 0.000000000000000000e+00
0.000000000000000000e+00 4.252638204798726146e-02 0.000000000000000000e+00
0.000000000000000000e+00 2.679548689419507940e-03 0.000000000000000000e+00
0.000000000000000000e+00 2.679548689419507940e-03 0.000000000000000000e+00
Center of mass derivatives - z
0.000000000000000000e+00 0.000000000000000000e+00 2.679548689419507940e-03
0.000000000000000000e+00 0.000000000000000000e+00 3.190492703847572220e-02
0.000000000000000000e+00 0.000000000000000000e+00 2.679548689419507940e-03
0.000000000000000000e+00 0.000000000000000000e+00 2.679548689419507940e-03
0.000000000000000000e+00 0.000000000000000000e+00 3.190492703847572220e-02
0.000000000000000000e+00 0.000000000000000000e+00 2.679548689419507940e-03
0.000000000000000000e+00 0.000000000000000000e+00 3.190492703847572220e-02
0.000000000000000000e+00 0.000000000000000000e+00 3.190492703847572220e-02
0.000000000000000000e+00 0.000000000000000000e+00 3.190492703847572220e-02
0.000000000000000000e+00 0.000000000000000000e+00 2.679548689419507940e-03
0.000000000000000000e+00 0.000000000000000000e+00 3.190492703847572220e-02
0.000000000000000000e+00 0.000000000000000000e+00 3.190492703847572220e-02
0.000000000000000000e+00 0.000000000000000000e+00 3.723058787830131611e-02
0.000000000000000000e+00 0.000000000000000000e+00 3.190492703847572220e-02
0.000000000000000000e+00 0.000000000000000000e+00 2.679548689419507940e-03
0.000000000000000000e+00 0.000000000000000000e+00 2.679548689419507940e-03
0.000000000000000000e+00 0.000000000000000000e+00 3.723058787830131611e-02
0.000000000000000000e+00 0.000000000000000000e+00 3.190492703847572220e-02
0.000000000000000000e+00 0.000000000000000000e+00 2.679548689419507940e-03
0.000000000000000000e+00 0.000000000000000000e+00 3.190492703847572220e-02
0.000000000000000000e+00 0.000000000000000000e+00 6.377009256162974316e-02
0.000000000000000000e+00 0.000000000000000000e+00 3.190492703847572220e-02
0.000000000000000000e+00 0.000000000000000000e+00 3.190492703847572220e-02
0.000000000000000000e+00 0.000000000000000000e+00 3.723058787830131611e-02
0.000000000000000000e+00 0.000000000000000000e+00 3.190492703847572220e-02
0.000000000000000000e+00 0.000000000000000000e+00 2.679548689419507940e-03
0.000000000000000000e+00 0.000000000000000000e+00 2.679548689419507940e-03
0.000000000000000000e+00 0.000000000000000000e+00 3.190492703847572220e-02
0.000000000000000000e+00 0.000000000000000000e+00 3.723058787830131611e-02
0.000000000000000000e+00 0.000000000000000000e+00 3.190492703847572220e-02
0.000000000000000000e+00 0.000000000000000000e+00 2.679548689419507940e-03
0.000000000000000000e+00 0.000000000000000000e+00 2.679548689419507940e-03
0.000000000000000000e+00 0.000000000000000000e+00 3.190492703847572220e-02
0.000000000000000000e+00 0.000000000000000000e+00 3.190492703847572220e-02
0.000000000000000000e+00 0.000000000000000000e+00 3.190492703847572220e-02
0.000000000000000000e+00 0.000000000000000000e+00 3.190492703847572220e-02
0.000000000000000000e+00 0.000000000000000000e+00 3.190492703847572220e-02
0.000000000000000000e+00 0.000000000000000000e+00 3.190492703847572220e-02
0.000000000000000000e+00 0.000000000000000000e+00 2.679548689419507940e-03
0.000000000000000000e+00 0.000000000000000000e+00 2.679548689419507940e-03
0.000000000000000000e+00 0.000000000000000000e+00 3.190492703847572220e-02
0.000000000000000000e+00 0.000000000000000000e+00 4.252638204798726146e-02
0.000000000000000000e+00 0.000000000000000000e+00 2.679548689419507940e-03
0.000000000000000000e+00 0.000000000000000000e+00 2.679548689419507940e-03
Ground state dipole moment derivatives - x
1.334407183000000108e-01 3.664465520000000087e-02 2.466888160000000121e-02
-1.220141138999999986e-01 -1.847826315999999969e-01 1.941560243000000074e-01
1.201741998000000061e-01 3.966653960000000173e-02 1.967353659999999949e-02
1.370265964999999864e-01 2.384239859999999836e-02 -1.376998519999999941e-02
-9.148922630000000389e-02 -2.045865413000000077e-01 -1.745406696000000035e-01
1.018150380000000001e-02 -5.694540740000000184e-02 -9.775015099999999346e-03
-1.982899697999999933e-01 -2.479513348000000061e-01 1.743507139000000095e-01
9.476408849999999606e-02 1.742502277000000099e-01 -1.749737556000000027e-01
1.310915813000000096e-01 3.585459519999999872e-02 2.008452400000000117e-03
-4.025663329999999707e-02 3.150310490000000213e-02 4.193157279999999709e-02
-5.926261700000000181e-03 2.509087500000000137e-01 -1.397386850000000014e-02
8.733877569999999591e-02 1.945524395000000073e-01 -3.332596770000000042e-02
-3.664992615000000065e-01 7.729344709999999563e-02 6.717491600000000118e-02
1.305381974000000000e-01 2.298412849999999924e-02 4.865778200000000359e-03
-4.158889469999999672e-02 1.641995300000000102e-02 -4.262807829999999687e-02
1.224920582999999980e-01 1.913856250000000106e-02 -1.529788399999999944e-03
-1.795176662999999895e-01 -2.250093904000000089e-01 8.341071199999999797e-02
-2.214382793000000127e-01 -1.474863567999999958e-01 -1.284859380000000044e-02
-9.991036000000000881e-04 -4.615789659999999794e-02 4.236275729999999795e-02
-9.666215000000000224e-02 2.645181917000000160e-01 -9.035496560000000343e-02
8.698644336999999949e-01 4.692747139999999678e-02 8.127538499999999860e-03
6.444369950000000680e-02 1.088303476000000020e-01 -1.750082087000000008e-01
-1.752738530000000003e-02 -2.925540181999999878e-01 -2.053479400999999871e-01
-1.958182346000000018e-01 -2.120026193000000003e-01 4.154226379999999968e-02
1.244681616999999962e-01 3.836391819999999953e-02 5.740575440000000168e-02
-4.734126299999999628e-03 2.962458009999999892e-02 -4.825654339999999737e-02
-2.256269170000000171e-02 -5.593953549999999830e-02 1.658435009999999904e-02
1.090845560999999936e-01 4.612205250000000339e-02 3.508034969999999919e-02
-3.258681256000000026e-01 7.054286140000000371e-02 -8.107487150000000642e-02
1.927951499999999967e-03 1.259408941999999865e-01 1.601791285999999981e-01
-2.141346369999999957e-02 -1.726773460000000093e-02 -7.146085970000000398e-02
-3.903257499999999991e-03 4.264143000000000078e-04 5.573526740000000340e-02
-8.879016160000000046e-02 3.022206921999999740e-01 -7.649596620000000124e-02
1.403560248999999871e-01 1.474545990000000056e-02 3.265668780000000049e-02
-1.230045459999999993e-02 2.496199283999999963e-01 -2.350345124000000063e-01
-6.937382990000000305e-02 -5.182815319999999754e-02 -4.173689933999999990e-01
3.272308060999999935e-01 -4.116104741000000122e-01 3.427953447000000042e-01
-1.268337445000000119e-01 -2.450533273999999928e-01 2.806910751999999731e-01
2.891999900000000005e-03 -4.706822489999999692e-02 -3.478577580000000169e-02
-5.036497699999999828e-02 3.153837479999999777e-02 3.199621410000000332e-02
-1.102834305999999959e-01 -1.804250917999999926e-01 3.141491743000000003e-01
-4.290710745999999909e-01 3.179197180000000178e-01 -1.536576897999999969e-01
1.009192443000000022e-01 2.490865659999999884e-02 1.593180569999999921e-02
1.352919209000000011e-01 3.136037480000000016e-02 1.873374939999999933e-02
Ground state dipole moment derivatives - y
3.195098300000000224e-02 -9.142483200000000795e-03 -8.837920909999999464e-02
-1.195946623000000014e-01 7.048824815999999993e-01 -1.018570263199999992e+00
2.475006449999999844e-02 -3.237969119999999784e-02 -7.293821550000000042e-02
1.911842559999999899e-02 2.364530839999999870e-02 1.012756474000000018e-01
-2.818624786000000215e-01 8.954843764000000039e-01 7.962038192999999486e-01
-7.918381409999999954e-02 1.615057829999999930e-02 -6.593878999999999713e-02
-2.379153789000000019e-01 8.238458172000000523e-01 -7.197585553999999997e-01
2.132487895000000078e-01 -7.653630393000000476e-01 7.059376009000000174e-01
5.196280849999999896e-02 -2.714259809999999828e-02 -3.963820989999999878e-02
5.035891390000000328e-02 6.606887509999999353e-02 -6.531071859999999785e-02
2.646933094000000208e-01 -1.023454376099999896e+00 7.385875990000000113e-02
2.642000223000000036e-01 -8.976617678999999628e-01 -2.050523270000000065e-01
7.099035300000000603e-02 -7.329849784999999951e-01 -5.525180419999999731e-02
2.271494580000000055e-02 3.753041389999999672e-02 -6.683077560000000306e-02
9.726439899999999791e-03 5.735359479999999760e-02 -3.971406700000000047e-03
8.216549700000000747e-03 -1.085280999999999952e-04 7.958080319999999430e-02
-2.821910873999999847e-01 8.581716429000000312e-01 -5.692528824000000487e-01
-2.273054834999999885e-01 7.957459135000000128e-01 2.495291679999999956e-01
-4.164177670000000081e-02 3.084275790000000003e-02 1.782363559999999847e-02
3.249110949999999831e-01 -1.446048615500000079e+00 5.091934809000000506e-01
6.683103270000000096e-02 5.727827392000000017e-01 8.362357200000000018e-03
1.402418166000000133e-01 -7.735940758999999556e-01 3.937001714000000208e-01
-3.011020555999999737e-01 1.410862849899999993e+00 1.084416646200000001e+00
-2.526053368999999771e-01 9.663836671000000100e-01 1.603539827000000084e-01
7.665808500000000254e-03 -5.037813289999999722e-02 -3.142304700000000083e-03
3.271242409999999823e-02 7.172884140000000686e-02 5.707132250000000045e-02
-7.211636999999999909e-02 5.232063960000000319e-02 4.970735099999999684e-02
4.134140499999999774e-02 -8.837224870000000287e-02 -2.033156858000000067e-01
4.217870029999999659e-02 -4.704645075000000176e-01 3.181063625000000172e-01
1.872590325000000055e-01 -7.627460860000000453e-01 -5.999484327999999866e-01
1.742901469999999856e-02 1.917459129999999831e-02 2.644064109999999870e-02
-2.867477870000000040e-02 9.027541099999999638e-03 5.959831399999999946e-02
3.121574992999999743e-01 -1.598100228599999895e+00 7.866717900000000374e-03
-6.594969000000000005e-03 5.136059359999999713e-02 2.657067579999999873e-02
2.697612026000000274e-01 -1.362985361200000023e+00 1.108186887400000042e+00
-5.030692689999999995e-02 3.295026950000000121e-01 2.000957794900000142e+00
-5.027867297000000457e-01 2.075389163600000142e+00 -1.482378020000000074e+00
-1.684863390000000127e-01 1.112313657599999894e+00 -1.461958258899999974e+00
-5.592345270000000090e-02 3.148057370000000021e-02 -4.877806109999999890e-02
4.244966740000000183e-02 4.609429470000000334e-02 -6.166477400000000206e-03
-2.503936301999999947e-01 7.590343921000000105e-01 -1.586764822699999966e+00
3.603740297999999953e-01 -1.778602882299999965e+00 6.849236695999999514e-01
4.366880439999999697e-02 -4.532439800000000359e-03 -6.291378929999999481e-02
3.777213210000000126e-02 6.884040999999999598e-03 -9.340679890000000429e-02
Ground state dipole moment derivatives - z
1.081558600000000030e-02 -2.249718220000000019e-02 5.526888679999999998e-02
-1.555308440000000014e-02 -2.591385900000000176e-03 2.355142972000000001e-01
-5.249173400000000343e-03 -6.125740419999999714e-02 1.453478369999999971e-02
-8.803243999999999566e-04 3.587829819999999864e-02 1.589032240000000026e-02
5.304952420000000335e-02 -2.995159790999999960e-01 -8.540952239999999307e-02
-5.500981380000000143e-02 -2.903801699999999930e-02 2.182764289999999940e-02
-9.569799419999999723e-02 5.935127769000000386e-01 -1.217876986700000108e+00
-1.771598697000000000e-01 4.648951016000000269e-01 1.218286966600000021e+00
-7.642914300000000320e-03 4.337369680000000005e-02 -2.011864971000000002e-01
6.544318070000000598e-02 -2.140322499999999795e-03 1.307770439999999916e-02
2.269570754999999940e-01 -8.850412639000000414e-01 9.824666965999999668e-01
-1.642192804000000006e-01 2.178956048000000034e-01 1.459544250700000045e+00
1.006440678000000005e-01 -7.823093300000000250e-02 -1.497629729600000070e+00
-1.241517699999999946e-03 -3.403124540000000003e-02 -9.665852849999999330e-02
-8.863445030000000058e-02 -5.415590500000000244e-03 -3.116179399999999960e-02
2.327462890000000020e-02 7.273391369999999967e-02 -2.451714519999999981e-02
-2.047260570000000030e-02 1.345339390000000086e-02 -2.593896023000000217e-01
3.772371855000000163e-01 -1.267276528900000088e+00 -1.193025725999999898e+00
8.021792730000000538e-02 3.886505309999999797e-02 -4.187300420000000106e-02
-1.277925085000000127e-01 6.475801532999999610e-01 3.761898016999999927e-01
2.900329290000000157e-02 -3.476753049999999762e-02 4.842726280999999910e-01
-4.369365343000000124e-01 1.568045482500000087e+00 5.830781403000000473e-01
8.978701379999999566e-02 -4.439673351000000268e-01 -2.937334487000000105e-01
1.570809051000000012e-01 -6.217313426999999670e-01 -3.618180545999999942e-01
9.591401019999999666e-02 -7.285784750000000309e-02 -2.035614283000000135e-01
-8.205274009999999341e-02 2.766968800000000131e-03 -2.998650040000000114e-02
6.823690000000000311e-02 -6.486636100000000085e-03 1.128145430000000032e-02
2.964472970000000054e-02 -1.499327021999999898e-01 -7.116814859999999465e-02
-3.011898580000000117e-02 1.056218931999999971e-01 -5.083715421000000179e-01
-3.537017099999999973e-03 4.495862739999999941e-02 6.882866270000000120e-02
-9.516363070000000146e-02 5.734956000000000255e-04 -1.009068680000000003e-02
8.479160970000000630e-02 4.436110649999999711e-02 -2.140098080000000028e-02
-1.455371592999999963e-01 2.027437799000000040e-01 5.478860016000000055e-01
3.410556060000000111e-02 3.685947999999999764e-04 -9.950154560000000481e-02
-9.072484579999999521e-02 2.750816467000000154e-01 -2.776321009000000117e-01
-3.377557839999999895e-02 2.422880479999999989e-02 -9.740207222000000220e-01
1.976402148999999997e-01 -6.274942392000000257e-01 1.433903874200000095e+00
4.425399540000000270e-02 -1.023899838999999951e-01 2.509584719999999880e-01
-8.120705470000000314e-02 -5.480512609999999701e-02 -5.736201729999999832e-02
8.919300469999999481e-02 -1.916752730000000071e-02 -2.027648090000000111e-02
1.582640429999999931e-02 -3.784983719999999996e-02 4.830211280000000218e-01
-1.571441397999999989e-01 6.081520483000000254e-01 -7.163962786999999999e-01
2.827917900000000151e-02 -9.068145530000000509e-02 -4.817537700000000013e-03
1.435522650000000018e-02 -5.592302489999999987e-02 4.303429549999999992e-02
Excited state dipole moment derivatives - x
1.424056495999999894e-01 3.546571939999999812e-02 2.225797129999999846e-02
-2.075178713999999980e-01 2.328800170000000155e-02 -6.772205789999999337e-02
1.274443259999999967e-01 4.053769749999999727e-02 1.138724990000000020e-02
1.464745299999999917e-01 1.891852739999999936e-02 -7.721331399999999817e-03
-2.263978131999999921e-01 1.011010960000000014e-01 1.264022289999999944e-02
9.132866499999999638e-03 -3.484650959999999881e-02 -3.263337520000000186e-02
-3.801322234000000244e-01 3.032924408000000072e-01 -2.843824491999999982e-01
9.280503299999999511e-02 -1.122235959000000005e-01 3.085026455000000056e-01
1.309772385000000094e-01 7.467841499999999973e-03 7.619823399999999664e-03
-3.856578649999999747e-02 4.891154720000000233e-02 2.115099700000000124e-02
2.105494774999999985e-01 -7.604140061999999922e-01 -9.985048480000000004e-02
1.573497165999999947e-01 -2.529082485999999963e-01 -2.379484551000000114e-01
-3.281999204000000114e-01 1.802399979999999916e-02 -2.099720169999999900e-02
8.936338620000000565e-02 9.060574700000000731e-03 2.395782400000000083e-03
-3.065726360000000164e-02 3.334991639999999868e-02 -3.952739689999999750e-02
1.229473506999999993e-01 1.577983089999999977e-02 1.045980609999999991e-02
-5.216155921999999778e-01 8.562035743999999449e-01 -1.927018048999999955e-01
-4.058949808999999798e-01 4.685860588999999909e-01 1.164669797000000007e-01
1.145357070000000040e-02 -2.046368869999999965e-02 4.476842789999999767e-02
3.165939628000000172e-01 -8.712421674000000449e-01 2.865479294000000121e-01
8.848900065999999454e-01 -6.169372129999999704e-02 1.630606799999999995e-02
1.682303467000000052e-01 -7.965686422000000100e-01 2.239022877999999883e-01
-2.461665560999999891e-01 5.483298037999999597e-01 4.602982367999999824e-01
-4.895837545000000235e-01 9.680108930999999917e-01 4.393314539999999824e-02
1.051405702000000053e-01 -2.485162460000000031e-02 7.185855570000000692e-02
-5.257399400000000410e-03 5.858162170000000279e-02 -2.725507140000000064e-02
-2.917255629999999933e-02 -2.010918589999999978e-02 4.419983219999999713e-02
1.182308329999999935e-01 4.748605780000000193e-02 3.883772399999999708e-02
-3.757245043999999923e-01 9.711735990000000540e-02 1.575144549999999907e-02
2.313458907000000009e-01 -3.266385260999999929e-01 -3.110013605999999986e-01
-2.467384129999999898e-02 -9.418976399999999180e-03 -7.527547129999999365e-02
-6.434343700000000159e-03 7.759856499999999609e-03 5.117140099999999830e-02
3.443701851000000036e-01 -9.719044272000000317e-01 -2.022146512000000118e-01
7.542181729999999917e-02 2.604738740000000011e-02 5.854490109999999775e-02
2.301471479999999958e-01 -2.942924431999999757e-01 3.877932521999999937e-01
-9.369796469999999711e-02 2.624088364000000118e-01 3.954550369999999815e-02
2.781255844000000144e-01 -3.030132092999999749e-01 1.309222345000000121e-01
-2.550488491999999829e-01 4.341179148000000043e-01 -4.988452941000000029e-01
2.051765189999999947e-02 -2.272893340000000165e-02 -4.699677199999999916e-02
-3.559039900000000173e-02 4.108885920000000108e-02 2.876285849999999852e-02
-1.530748341000000012e-01 8.807032509999999925e-02 -2.406001016000000048e-01
-4.027060357000000201e-01 2.547997733999999848e-01 -9.325521559999999655e-02
1.122190779000000055e-01 3.442168200000000206e-02 1.022242750000000068e-02
1.299762700000000049e-01 3.509070809999999957e-02 1.268078549999999971e-02
Excited state dipole moment derivatives - y
3.657872849999999759e-02 1.295789410000000065e-02 -6.941186870000000397e-02
4.426259400000000233e-02 -4.909448135999999741e-01 4.010550826000000013e-01
4.592667859999999963e-02 -2.161229450000000038e-02 -2.495316670000000125e-02
2.439798420000000023e-02 5.198813599999999729e-02 7.576619989999999749e-02
1.193061078999999997e-01 -7.030495506999999700e-01 -2.389759308999999943e-01
-4.794828190000000046e-02 -8.546992420000000534e-02 4.288036180000000253e-02
4.464560940999999783e-01 -2.055970726199999987e+00 1.483723340300000082e+00
-1.791808814999999999e-01 8.045242066000000136e-01 -1.584043822800000001e+00
-2.928439570000000020e-02 1.133327222999999939e-01 -6.846421810000000163e-02
7.164126210000000550e-02 -3.103593099999999924e-02 6.497517179999999504e-02
-9.023021639999999621e-01 4.094430173200000134e+00 5.856981369000000548e-01
-4.260424812999999977e-01 1.284605010499999977e+00 1.134855687499999988e+00
6.827612819999999416e-02 -4.374716661999999978e-01 1.081994403000000049e-01
-3.146843999999999987e-04 5.158678540000000146e-02 -6.150992240000000000e-02
4.539389440000000248e-02 -2.814358159999999845e-02 -1.798139970000000101e-02
7.325933129999999405e-02 2.238277699999999953e-02 2.949619510000000069e-02
1.053732198200000081e+00 -4.765499924400000253e+00 8.743628668999999798e-01
4.838178716000000046e-01 -2.559122686299999838e+00 -6.941772314999999915e-01
-2.786190430000000037e-02 -6.796648499999999316e-02 8.474369799999999231e-03
-1.033404176699999955e+00 4.609785570799999732e+00 -1.409899868299999914e+00
-5.366017099999999956e-02 1.142294329300000078e+00 -6.638063169999999791e-02
-5.359039257000000056e-01 4.092405101799999834e+00 -1.604242314900000022e+00
5.354154947000000497e-01 -3.059955525999999981e+00 -2.402555500400000099e+00
8.406242083999999615e-01 -5.257739886599999579e+00 1.515031380000000094e-01
2.592095189999999924e-02 1.839970039000000113e-01 -5.487040590000000218e-02
6.659751440000000189e-02 -7.601965300000000647e-02 -5.132276040000000039e-02
-1.882876049999999968e-02 -9.704120099999999360e-02 -6.572672779999999548e-02
5.474210940000000247e-02 -8.593090259999999758e-02 -2.042225246000000105e-01
4.574141260000000320e-02 -6.401588897000000111e-01 -1.413807811999999997e-01
-2.853576505000000041e-01 1.726309531799999908e+00 1.840218068900000059e+00
2.862392710000000173e-02 -1.927701579999999831e-02 4.854302769999999795e-02
-1.958916629999999867e-02 -2.796525370000000135e-02 8.055934080000000386e-02
-1.031776857699999939e+00 5.239523753000000283e+00 5.783207339999999475e-01
6.230293060000000049e-02 1.516955380000000082e-02 -2.939907250000000152e-02
-1.286975231999999969e-01 1.538633336099999971e+00 -2.183230887100000128e+00
2.678517796000000062e-01 -1.234358921000000109e+00 -3.125037182000000024e-01
-3.156982117000000088e-01 1.524028146600000078e+00 -4.269264722000000178e-01
1.678189264000000125e-01 -2.594298891999999856e+00 2.720099019600000112e+00
-5.938095250000000047e-02 -8.095629860000000400e-02 8.629670299999999544e-03
7.029710699999999757e-02 -2.510755909999999938e-02 1.099634030000000082e-02
9.771399079999999737e-02 -5.575748361000000264e-01 1.176575667999999908e+00
2.644030688999999823e-01 -1.436014180699999976e+00 3.757490587000000271e-01
1.684122609999999867e-02 -5.204830609999999691e-02 -2.777756699999999954e-02
3.728866769999999997e-02 -1.721912639999999967e-02 -6.072412669999999874e-02
Excited state dipole moment derivatives - z
1.647776139999999889e-02 -4.765514180000000183e-02 5.380530199999999930e-02
-1.042114724000000048e-01 4.179985370000000033e-01 -1.015380684000000006e-01
1.603420449999999955e-02 -8.904340889999999564e-02 -8.885495999999999672e-04
-3.868150999999999794e-03 5.494705750000000027e-02 1.415655440000000015e-02
5.910562989999999794e-02 -3.259350136999999981e-01 2.271228219999999950e-02
-7.220063240000000604e-02 -1.672021699999999902e-03 -2.776677339999999994e-02
-1.677537507000000094e-01 5.617524308000000355e-01 -2.693360464999999815e-01
1.502899060000000009e-01 -5.258318602999999536e-01 1.601031834999999959e-01
4.535784880000000296e-02 -1.710595966000000023e-01 -2.710114914000000264e-01
6.787053969999999603e-02 2.535041290000000086e-02 -3.751159510000000308e-02
1.621244682999999909e-01 -5.411208417999999742e-01 6.329533991000000359e-01
-3.440665410000000313e-02 3.127715405000000004e-01 -2.781934770999999751e-01
-4.093322199999999828e-02 6.713891489999999906e-02 5.006417640000000030e-02
-3.898887980000000086e-02 5.851057800000000059e-03 -4.437887622000000198e-01
-5.272281919999999983e-02 -3.214410410000000107e-02 2.818718859999999951e-02
-7.081400899999999721e-03 9.356803119999999863e-02 -3.535744729999999725e-02
-1.617013559999999975e-02 6.103770900000000423e-03 -3.666011362000000107e-01
-9.420700000000000384e-04 -3.906828209999999718e-02 2.405732790000000149e-02
6.568946139999999601e-02 1.818284999999999997e-03 1.978287620000000052e-02
-3.832910802999999755e-01 1.979752315000000040e+00 1.112519866400000002e+00
5.429476300000000283e-02 -1.555104078000000001e-01 3.766937455000000101e-01
-1.271696702000000012e-01 -2.733528933000000105e-01 8.325749859000000086e-01
4.708600859000000027e-01 -2.372603577800000085e+00 -2.168473252900000148e+00
-1.421339360999999968e-01 1.145319354299999981e+00 -4.017633641999999727e-01
9.991038659999999794e-02 7.826828439999999887e-02 -3.076106370000000201e-01
-8.711732129999999463e-02 9.838222500000000370e-03 -4.353686839999999780e-02
8.184281849999999747e-02 -2.974478400000000154e-03 -2.815462500000000083e-03
5.909145870000000189e-02 -2.007033528000000122e-01 1.992352800999999951e-01
1.319087430000000054e-02 -3.205310848999999851e-01 -2.461734753900000072e+00
3.542129890000000197e-02 2.106881689999999877e-02 2.735965504100000167e+00
-1.043087307999999991e-01 1.902579639999999947e-02 -9.303774799999999304e-03
8.448041970000000345e-02 7.062626599999999311e-02 -2.379571080000000144e-02
3.893433557000000045e-01 -2.974287093900000123e+00 1.420667321800000105e+00
4.154691559999999784e-02 -1.201980988000000000e-01 -4.457465278000000142e-01
-1.284869200000000045e-01 3.138462857000000050e-01 3.109437638100000179e+00
-4.567853410000000114e-02 6.104449330000000229e-02 -5.984315510000000060e-01
1.287655175999999901e-01 -4.304384203000000131e-01 1.198035322299999983e+00
-2.725427543000000230e-01 2.294779156500000195e+00 -3.098929777199999958e+00
-5.708625330000000053e-02 4.246925669999999930e-02 -1.304237079999999958e-02
3.292493059999999916e-02 6.206080020000000197e-02 2.823104970000000005e-02
-8.043613680000000210e-02 3.937790742000000233e-01 1.364308669999999939e-02
-1.668506299999999998e-01 6.658679942999999879e-01 -6.647826873000000081e-01
4.575974569999999991e-02 -5.017690040000000185e-02 -5.281392999999999678e-03
1.399876440000000048e-02 -3.073957540000000002e-02 4.441538800000000009e-02
Transition dipole moment derivatives - x
1.038259599999999915e-03 -5.287487399999999706e-03 -7.007530500000000266e-03
2.443322699999999834e-02 6.092447780000000146e-02 -1.135183240000000038e-01
5.944783799999999764e-03 8.580505999999999463e-04 -2.996175700000000032e-03
5.059342999999999783e-04 -4.732239999999999944e-05 4.935794299999999961e-03
1.547256699999999914e-03 8.303849209999999981e-02 9.266760179999999902e-02
1.229487840000000054e-02 2.240317800000000189e-03 7.869270500000000862e-03
-6.537736369999999630e-02 1.073337347999999969e-01 -1.114108488000000036e-01
9.764538970000000151e-02 -1.094202286000000024e-01 2.952411959999999905e-02
-1.643956239999999971e-02 3.221173999999999826e-03 3.737085299999999902e-03
8.392801599999999418e-03 6.566595599999999928e-03 -9.835948199999999808e-03
1.175076077000000024e-01 -1.760985505999999867e-01 1.022758900000000047e-02
1.233804361000000044e-01 -9.234918159999999654e-02 -2.102650112999999987e-01
-3.107123540000000100e-02 -1.410925300000000042e-02 1.029252348000000011e-01
4.562308699999999967e-03 -1.068026920000000012e-02 -6.950142000000000516e-04
1.703825999999999973e-04 -1.726518000000000020e-03 1.447584999999999931e-03
1.928454899999999892e-03 4.747084000000000373e-03 -3.397290000000000130e-05
-2.496382739999999933e-02 1.239543082999999962e-01 3.745743599999999673e-02
-1.341821709000000085e-01 2.755863344999999742e-01 2.054599190999999991e-01
-6.969732900000000057e-03 1.158247039999999936e-02 1.125638269999999948e-02
-4.215251810000000127e-02 -3.159878020000000259e-02 6.072816030000000032e-02
8.845969800000000674e-03 -5.213799630000000296e-02 3.583899999999999890e-04
1.485071632999999947e-01 -3.261499967000000000e-01 2.421183910000000022e-02
3.217941120000000071e-02 1.217462699999999906e-03 -2.430320329999999945e-02
-4.160848059999999737e-02 2.215156514000000132e-01 -5.111720990000000187e-02
-2.400627820000000162e-02 2.012204200000000144e-03 2.441903050000000103e-02
3.997928599999999756e-03 1.182507359999999952e-02 5.843242999999999918e-04
2.236606370000000094e-02 4.694001199999999797e-03 -1.385245740000000045e-02
-2.222469199999999988e-03 9.343097800000000133e-03 -2.104514400000000174e-03
-7.554678999999999908e-04 3.363326070000000056e-02 -6.434590839999999867e-02
-1.496100159999999915e-02 -1.333864526000000106e-01 6.208659429999999896e-02
-6.225340799999999619e-03 -1.432993000000000027e-03 -2.337805599999999862e-03
-6.321798800000000274e-03 1.875223299999999966e-03 7.448251700000000156e-03
-7.451914700000000259e-03 -2.060947848000000138e-01 -2.502721700000000091e-02
-3.921876399999999624e-03 1.632187999999999911e-03 4.253703200000000240e-03
-4.736986339999999657e-02 -7.737398269999999634e-02 1.032379446000000062e-01
-5.566457739999999821e-02 1.134435569000000060e-01 2.556348030000000007e-02
8.228156999999999832e-04 -5.104005200000000242e-02 1.797045950000000086e-02
1.285710229999999926e-02 9.642594749999999770e-02 -1.102731069999999952e-01
-1.835898400000000007e-03 1.132186420000000013e-02 -1.322755050000000085e-02
2.543712999999999747e-04 -2.444105700000000041e-03 2.545635100000000119e-03
-6.040242330000000076e-02 4.683791729999999681e-02 -6.769136959999999537e-02
-3.330110790000000154e-02 4.752433930000000278e-02 -1.069818430000000001e-02
-4.809513999999999977e-03 2.039736199999999961e-03 -1.900607300000000006e-03
2.831876599999999869e-03 5.983390800000000162e-03 1.726129000000000075e-03
Transition dipole moment derivatives - y
-3.516758599999999808e-03 2.102438790000000016e-02 2.849300009999999883e-02
2.754354180000000152e-02 -2.390447609999999945e-01 4.891840506999999838e-01
1.402625260000000054e-02 3.270337099999999931e-03 1.287671370000000037e-02
5.784337999999999980e-04 6.973309900000000325e-03 -2.872062239999999961e-02
1.090541520000000014e-01 -3.483532413000000050e-01 -4.086097135000000269e-01
-2.646592900000000002e-03 -1.728884959999999957e-02 2.017467700000000023e-03
1.457392668999999974e-01 -7.220888071000000075e-01 7.292645112000000207e-01
-8.201986099999999946e-02 4.321012679999999828e-01 -3.976382823999999871e-01
-5.556229299999999871e-03 -2.555022319999999958e-02 -4.780418600000000025e-03
1.461824980000000010e-02 -1.282796020000000030e-02 2.769298400000000035e-03
-2.543285083999999863e-01 1.174505770699999951e+00 -9.608662739999999924e-02
-1.780974402000000123e-01 5.163493837000000530e-01 6.776765619000000296e-01
-1.205135939999999947e-02 8.462935679999999961e-02 -1.841216467000000023e-01
-1.350502309999999928e-02 4.755080989999999758e-02 1.769296760000000149e-02
-6.432987400000000390e-03 -3.254266670000000028e-02 -3.237983970000000294e-02
3.219668280000000105e-02 -5.446416400000000067e-03 -3.454136600000000216e-03
1.892119959000000129e-01 -8.082817388999999908e-01 -8.331545020000000190e-02
2.922301656999999886e-01 -1.126172058399999898e+00 -7.988229157999999774e-01
1.620396309999999965e-02 -2.492850270000000062e-02 -2.999754509999999832e-02
-1.175154853999999943e-01 4.030419335000000047e-01 -3.565179385000000201e-01
-3.180214709999999723e-02 2.570121834999999910e-01 -4.134728890000000101e-02
-2.344241719000000057e-01 1.442080594399999915e+00 -1.925042376999999971e-01
4.345694359999999895e-02 -2.184942541999999877e-01 -1.192272838999999945e-01
1.257252406000000100e-01 -9.476793543999999514e-01 3.490946796000000130e-01
-6.332940999999999918e-03 -3.239398529999999721e-02 -2.562054559999999911e-02
1.527007120000000058e-02 -1.689359249999999868e-02 1.608499619999999991e-02
-1.383991740000000033e-02 -1.946130080000000109e-02 1.376765289999999989e-02
1.352656529999999961e-02 -4.456121799999999966e-02 3.464654889999999737e-02
4.351799869999999765e-02 -2.237724936000000109e-01 8.046578249999999932e-02
-1.198400575999999940e-01 5.478230563000000553e-01 2.494421200000000206e-03
-8.639906000000000148e-04 -9.398851099999999334e-03 -1.295712939999999966e-02
7.713102999999999800e-04 -6.428803400000000431e-03 -1.105472780000000058e-02
-1.143619282000000043e-01 6.177878378000000170e-01 1.980186033000000123e-01
3.445094399999999810e-03 2.942017779999999902e-02 -2.856305140000000090e-02
-5.247692250000000197e-02 4.396506260999999971e-01 -2.155611735000000084e-01
1.100405225000000015e-01 -5.233258286999999953e-01 -1.442634483000000134e-01
-4.668706909999999904e-02 1.946451889999999962e-01 -4.299977390000000316e-02
-9.694232000000000326e-04 -2.596906764999999950e-01 1.462902808000000054e-01
7.954753700000000843e-03 -1.771589100000000097e-02 3.600546820000000148e-02
-1.104197370000000074e-02 -2.093470860000000086e-02 3.050155430000000070e-02
4.979455210000000021e-02 -2.875341440999999998e-01 3.592466158000000021e-01
4.320095949999999685e-02 -2.027880518999999881e-01 3.367184880000000102e-02
4.685315300000000328e-03 -5.071668799999999935e-03 9.710380200000000295e-03
5.518756799999999935e-03 -1.919617389999999854e-02 -1.142960680000000041e-02
Transition dipole moment derivatives - z
-9.401452999999999720e-04 1.052319219999999986e-02 5.851118899999999644e-03
-4.309466199999999712e-03 8.589986299999999644e-03 3.497193889999999916e-02
-2.235225199999999954e-02 2.513221989999999892e-02 1.363045999999999919e-03
1.621223599999999966e-03 -1.439928459999999938e-02 1.996630329999999828e-02
-2.143445999999999893e-02 4.317167079999999907e-02 9.829306999999999628e-02
1.246956750000000058e-02 5.691663109999999665e-02 2.528307200000000018e-02
-2.209191721000000053e-01 1.107750889400000105e+00 -1.286993975699999959e+00
-1.798025713999999997e-01 5.297332624999999684e-01 1.404983509300000044e+00
2.348776829999999968e-02 -3.208089199999999974e-02 -1.260830505999999962e-01
-3.823371069999999955e-02 4.613012939999999729e-02 1.784702939999999877e-02
3.894686792000000009e-01 -1.710418265800000004e+00 2.911781987000000016e-01
-7.812109180000000042e-02 -1.904729995999999981e-01 1.404505618199999972e+00
1.396525279999999980e-01 -1.712303504000000087e-01 -1.373085566599999918e+00
7.649895000000000523e-04 6.303777829999999971e-02 4.381531100000000262e-02
-1.615113989999999999e-02 1.903823249999999842e-02 -1.744861309999999957e-02
2.917010620000000040e-02 -1.390060140000000041e-02 1.442662270000000073e-02
-3.846654831999999913e-01 1.523792499400000056e+00 -5.425074551999999883e-01
2.754335855000000222e-01 -1.084991047399999964e+00 -7.262692553999999800e-01
1.264605499999999980e-03 2.678068629999999853e-02 -1.997026780000000015e-02
5.651781763000000014e-01 -2.609827378799999931e+00 1.065252700999999996e-01
2.082445999999999950e-03 -5.041371590000000291e-02 3.375952984999999740e-01
-2.340980978999999962e-01 1.173084810600000027e+00 -5.505471149999999897e-02
-4.482688760999999911e-01 2.311263136800000062e+00 2.176798494599999856e+00
2.625504053000000115e-01 -1.220679134000000055e+00 -2.669268611999999763e-01
4.273040239999999906e-02 3.256328590000000245e-02 -1.561230694999999891e-01
2.218809240000000141e-02 -4.610290370000000304e-02 2.859997389999999889e-02
-2.598118810000000015e-02 -4.397242149999999739e-02 2.905086679999999838e-02
-3.222504710000000105e-02 6.876154719999999498e-02 -2.233683002000000084e-01
-3.683962119999999868e-02 4.005135128999999794e-01 1.421575406100000105e+00
5.484998239999999692e-02 -3.460817259999999784e-01 -2.317522650099999915e+00
1.621169810000000142e-02 -4.895799029999999691e-02 -7.079193099999999718e-03
7.349719000000000217e-03 -5.656040899999999899e-02 -3.732529200000000123e-03
-4.084566047000000033e-01 2.293397681200000093e+00 -5.271337128999999955e-01
2.093306179999999961e-02 -8.390266459999999593e-02 6.180379190000000189e-02
7.199202550000000089e-02 -5.573169429000000008e-01 -2.079406041399999960e+00
-4.074958310000000028e-02 1.982061015000000093e-01 1.152702181999999964e-01
4.231154379999999687e-02 -1.390336232999999921e-01 6.787555430000000167e-02
1.857118768999999892e-01 -1.379172683299999980e+00 2.355659285100000222e+00
-8.703071099999999324e-03 -3.187705400000000189e-02 -2.620151370000000160e-02
2.678604290000000110e-02 -1.046963270000000022e-02 -3.719051799999999880e-02
6.104326900000000070e-03 1.971037990000000170e-02 -1.665234929999999947e-01
6.178743999999999903e-03 -3.371284670000000011e-02 -5.314612159999999863e-02
-1.000481689999999958e-02 -3.907832569999999950e-02 -2.877605860000000126e-02
5.764801800000000226e-03 -4.344474019999999825e-02 -2.269603970000000012e-02
1
Number of atoms: 44
Ground state energy derivatives
1.171111899999999944e-03 -2.275656400000000169e-03 -1.645267300000000056e-03
-2.970380400000000032e-03 -1.637774600000000032e-03 1.680288569999999898e-02
1.661432700000000035e-03 -1.990385099999999931e-03 -2.046902599999999954e-03
4.617916999999999920e-04 -1.553441999999999931e-03 1.883848999999999940e-03
-7.094224000000000536e-04 -4.790123200000000366e-03 -1.577213959999999859e-02
-3.461562000000000059e-03 -2.503538899999999904e-03 -2.460702400000000078e-03
2.139985400000000201e-03 -3.885267999999999881e-03 8.185749500000000581e-03
-1.188462699999999960e-03 4.097707299999999581e-03 -3.495460900000000020e-03
5.862076999999999609e-04 2.917509999999999787e-04 8.633199999999999945e-04
1.939986299999999983e-03 -1.223424500000000036e-03 -5.625030000000000047e-04
1.183643899999999938e-03 9.456417599999999285e-03 2.100064699999999816e-03
-9.574069000000000372e-04 1.200870300000000035e-03 1.880328099999999938e-03
3.324445000000000091e-03 7.992986100000000135e-03 3.732419999999999748e-04
-1.013402899999999926e-03 -7.278709000000000177e-04 -1.980882000000000053e-04
-2.361803699999999798e-03 9.230586999999999516e-04 -3.041091699999999912e-03
1.443806999999999914e-04 -9.951039000000000932e-04 2.144539600000000198e-03
3.935502100000000045e-03 -5.722131099999999693e-03 2.868330899999999972e-03
5.366583999999999764e-03 -7.472926799999999800e-03 -6.194182599999999671e-03
1.387297000000000009e-03 -3.604000000000000243e-07 -2.297294699999999877e-03
7.934914999999999633e-04 4.537305999999999631e-03 -1.851639300000000078e-03
-1.508996580000000060e-02 -7.284788000000000374e-03 -2.023671600000000095e-03
-1.271908000000000088e-04 7.368652300000000377e-03 1.474227600000000034e-03
3.016785599999999897e-03 -6.411333699999999768e-03 -3.979443800000000316e-03
5.437735400000000101e-03 -5.124420499999999927e-03 -4.649023500000000128e-03
-9.459696000000000510e-04 2.603727999999999815e-04 6.994164000000000414e-04
2.205535900000000094e-03 -1.635467100000000075e-03 1.419607700000000052e-03
-1.749523499999999961e-03 -7.841470000000000124e-04 2.610399000000000009e-04
-3.874308000000000244e-04 6.337028000000000409e-04 8.663740999999999760e-04
2.352927800000000156e-03 -6.858244099999999920e-03 -1.622487300000000033e-03
-1.573320700000000035e-03 7.947070000000000523e-03 -2.986980999999999989e-04
-1.488215800000000037e-03 -8.716226999999999786e-04 -2.839122999999999820e-03
9.630195000000000248e-04 1.274933700000000034e-03 -3.113668699999999796e-03
-1.847213600000000098e-03 7.224481300000000147e-03 3.600821900000000016e-03
-6.944892999999999509e-04 -2.992760000000000125e-05 4.326789999999999955e-05
-2.333981399999999866e-03 1.131487060000000051e-02 2.776074900000000210e-03
1.251517200000000019e-03 -3.520898000000000170e-03 -4.851016900000000402e-03
2.551223899999999906e-03 -7.535361200000000037e-03 7.003000799999999949e-03
9.128304000000000279e-04 -2.907630200000000092e-03 7.706371000000000488e-04
1.786308599999999894e-03 1.118159099999999897e-03 1.249015700000000043e-03
-2.165875700000000070e-03 3.972005999999999931e-04 6.891968000000000486e-04
8.251876000000000003e-04 -4.043176800000000161e-03 6.574372999999999675e-03
-2.877789400000000091e-03 1.138844209999999996e-02 -4.932462200000000373e-03
-6.359487999999999513e-04 2.018441100000000193e-03 1.697768299999999992e-03
-8.195750000000000127e-04 2.338599700000000038e-03 1.647735999999999906e-03
Excited state energy derivatives
1.202825899999999905e-03 -2.317617100000000149e-03 -1.609408099999999923e-03
-1.334393899999999997e-03 -9.289213200000000226e-03 2.563978780000000096e-02
1.714771300000000019e-03 -1.944188199999999974e-03 -1.821198499999999955e-03
5.090999999999999606e-04 -1.596575100000000068e-03 1.862304800000000012e-03
2.250492299999999873e-03 -1.402303549999999940e-02 -2.267086969999999868e-02
-3.545063900000000080e-03 -3.057841400000000081e-03 -2.294573199999999907e-03
3.885218199999999813e-03 -1.681983420000000146e-02 1.288025219999999922e-02
-3.330609899999999873e-03 1.353384080000000038e-02 -1.236639869999999961e-02
5.254486999999999960e-04 1.731521400000000108e-03 2.710403100000000152e-03
2.173802199999999921e-03 -1.802245500000000016e-03 -3.834875000000000176e-04
-1.349841100000000096e-03 2.246588840000000170e-02 -1.690433199999999934e-03
-4.169576900000000232e-03 1.258644930000000009e-02 5.355724400000000211e-03
3.159816299999999856e-03 1.014426879999999996e-02 1.555161999999999907e-03
-7.069570000000000281e-04 -1.299759900000000030e-03 1.416356500000000079e-03
-2.399870699999999933e-03 8.262525000000000381e-04 -3.105346000000000148e-03
2.551814000000000231e-04 -9.491980999999999813e-04 1.939628600000000086e-03
6.876215399999999894e-03 -2.098968569999999992e-02 1.640686640000000099e-02
6.710153699999999756e-03 -1.895366479999999881e-02 -5.899894000000000145e-03
1.504897000000000049e-03 -2.048372999999999980e-04 -2.548920200000000160e-03
-2.790509799999999884e-03 2.437676689999999924e-02 -1.148497449999999996e-02
-1.558932709999999965e-02 -4.333367400000000431e-03 -2.571101599999999886e-03
-2.230164599999999962e-03 1.808826560000000028e-02 2.465247600000000042e-03
5.588040600000000052e-03 -1.972158599999999928e-02 -2.058511370000000104e-02
9.361851900000000767e-03 -2.086422309999999905e-02 -1.374401299999999937e-02
-6.810812000000000073e-04 1.331975800000000055e-03 -1.342628999999999915e-03
2.422579299999999894e-03 -2.213269300000000016e-03 1.353570899999999994e-03
-1.793955399999999992e-03 -1.311657199999999995e-03 1.843703999999999992e-04
-3.973013999999999973e-04 1.207079000000000035e-04 2.147279000000000201e-03
3.009861999999999867e-03 -8.848153900000000835e-03 -2.977445300000000107e-03
-3.435932300000000151e-03 1.590296630000000155e-02 1.026291749999999961e-02
-1.527215699999999975e-03 -1.093795799999999893e-03 -2.808543799999999990e-03
1.116303799999999969e-03 1.145686400000000063e-03 -2.967892000000000186e-03
-5.918824700000000286e-03 2.640306099999999850e-02 8.726535199999999742e-03
-1.995813999999999997e-04 -9.661338999999999691e-04 -1.264307299999999990e-03
-3.888510500000000140e-03 2.203946270000000165e-02 -1.066570669999999943e-02
2.520311700000000144e-03 -7.094476899999999607e-03 -1.831592649999999947e-02
3.523571999999999989e-03 -1.258191129999999998e-02 1.363833490000000009e-02
1.268436800000000012e-03 -1.182089979999999957e-02 1.689795709999999951e-02
1.851583300000000064e-03 9.326621999999999690e-04 1.521925699999999949e-03
-2.189990800000000005e-03 3.298358000000000041e-04 7.236643999999999759e-04
1.226436000000000019e-03 -7.873892299999999192e-03 1.917380050000000100e-02
-3.836671700000000070e-03 1.592492750000000165e-02 -7.319296999999999782e-03
-5.330188999999999934e-04 1.819488599999999952e-03 1.771440399999999913e-03
-8.085004000000000019e-04 2.267035299999999812e-03 1.803950699999999933e-03
Center of mass derivatives - x
2.679548689419507940e-03 0.000000000000000000e+00 0.000000000000000000e+00
3.190492703847572220e-02 0.000000000000000000e+00 0.000000000000000000e+00
2.679548689419507940e-03 0.000000000000000000e+00 0.000000000000000000e+00
2.679548689419507940e-03 0.000000000000000000e+00 0.000000000000000000e+00
3.190492703847572220e-02 0.000000000000000000e+00 0.000000000000000000e+00
2.679548689419507940e-03 0.000000000000000000e+00 0.000000000000000000e+00
3.190492703847572220e-02 0.000000000000000000e+00 0.000000000000000000e+00
3.190492703847572220e-02 0.000000000000000000e+00 0.000000000000000000e+00
3.190492703847572220e-02 0.000000000000000000e+00 0.000000000000000000e+00
2.679548689419507940e-03 0.000000000000000000e+00 0.000000000000000000e+00
3.190492703847572220e-02 0.000000000000000000e+00 0.000000000000000000e+00
3.190492703847572220e-02 0.000000000000000000e+00 0.000000000000000000e+00
3.723058787830131611e-02 0.000000000000000000e+00 0.000000000000000000e+00
3.190492703847572220e-02 0.000000000000000000e+00 0.000000000000000000e+00
2.679548689419507940e-03 0.000000000000000000e+00 0.000000000000000000e+00
2.679548689419507940e-03 0.000000000000000000e+00 0.000000000000000000e+00
3.723058787830131611e-02 0.000000000000000000e+00 0.000000000000000000e+00
3.190492703847572220e-02 0.000000000000000000e+00 0.000000000000000000e+00
2.679548689419507940e-03 0.000000000000000000e+00 0.000000000000000000e+00
3.190492703847572220e-02 0.000000000000000000e+00 0.000000000000000000e+00
6.377009256162974316e-02 0.000000000000000000e+00 0.000000000000000000e+00
3.190492703847572220e-02 0.000000000000000000e+00 0.000000000000000000e+00
3.190492703847572220e-02 0.000000000000000000e+00 0.000000000000000000e+00
3.723058787830131611e-02 0.000000000000000000e+00 0.000000000000000000e+00
3.190492703847572220e-02 0.000000000000000000e+00 0.000000000000000000e+00
2.679548689419507940e-03 0.000000000000000000e+00 0.000000000000000000e+00
2.679548689419507940e-03 0.000000000000000000e+00 0.000000000000000000e+00
3.190492703847572220e-02 0.000000000000000000e+00 0.000000000000000000e+00
3.723058787830131611e-02 0.000000000000000000e+00 0.000000000000000000e+00
3.190492703847572220e-02 0.000000000000000000e+00 0.000000000000000000e+00
2.679548689419507940e-03 0.000000000000000000e+00 0.000000000000000000e+00
2.679548689419507940e-03 0.000000000000000000e+00 0.000000000000000000e+00
3.190492703847572220e-02 0.000000000000000000e+00 0.000000000000000000e+00
3.190492703847572220e-02 0.000000000000000000e+00 0.000000000000000000e+00
3.190492703847572220e-02 0.000000000000000000e+00 0.000000000000000000e+00
3.190492703847572220e-02 0.000000000000000000e+00 0.000000000000000000e+00
3.190492703847572220e-02 0.000000000000000000e+00 0.000000000000000000e+00
3.190492703847572220e-02 0.000000000000000000e+00 0.000000000000000000e+00
2.679548689419507940e-03 0.000000000000000000e+00 0.000000000000000000e+00
2.679548689419507940e-03 0.000000000000000000e+00 0.000000000000000000e+00
3.190492703847572220e-02 0.000000000000000000e+00 0.000000000000000000e+00
4.252638204798726146e-02 0.000000000000000000e+00 0.000000000000000000e+00
2.679548689419507940e-03 0.000000000000000000e+00 0.000000000000000000e+00
2.679548689419507940e-03 0.000000000000000000e+00 0.000000000000000000e+00
Center of mass derivatives - y
0.000000000000000000e+00 2.679548689419507940e-03 0.000000000000000000e+00
0.000000000000000000e+00 3.190492703847572220e-02 0.000000000000000000e+00
0.000000000000000000e+00 2.679548689419507940e-03 0.000000000000000000e+00
0.000000000000000000e+00 2.679548689419507940e-03 0.000000000000000000e+00
0.000000000000000000e+00 3.190492703847572220e-02 0.000000000000000000e+00
0.000000000000000000e+00 2.679548689419507940e-03 0.000000000000000000e+00
0.000000000000000000e+00 3.190492703847572220e-02 0.000000000000000000e+00
0.000000000000000000e+00 3.190492703847572220e-02 0.000000000000000000e+00
0.000000000000000000e+00 3.190492703847572220e-02 0.000000000000000000e+00
0.000000000000000000e+00 2.679548689419507940e-03 0.000000000000000000e+00
0.000000000000000000e+00 3.190492703847572220e-02 0.000000000000000000e+00
0.000000000000000000e+00 3.190492703847572220e-02 0.000000000000000000e+00
0.000000000000000000e+00 3.723058787830131611e-02 0.000000000000000000e+00
0.000000000000000000e+00 3.190492703847572220e-02 0.000000000000000000e+00
0.000000000000000000e+00 2.679548689419507940e-03 0.000000000000000000e+00
0.000000000000000000e+00 2.679548689419507940e-03 0.000000000000000000e+00
0.000000000000000000e+00 3.723058787830131611e-02 0.000000000000000000e+00
0.000000000000000000e+00 3.190492703847572220e-02 0.000000000000000000e+00
0.000000000000000000e+00 2.679548689419507940e-03 0.000000000000000000e+00
0.000000000000000000e+00 3.190492703847572220e-02 0.000000000000000000e+00
0.000000000000000000e+00 6.377009256162974316e-02 0.000000000000000000e+00
0.000000000000000000e+00 3.190492703847572220e-02 0.000000000000000000e+00
0.000000000000000000e+00 3.190492703847572220e-02 0.000000000000000000e+00
0.000000000000000000e+00 3.723058787830131611e-02 0.000000000000000000e+00
0.000000000000000000e+00 3.190492703847572220e-02 0.000000000000000000e+00
0.000000000000000000e+00 2.679548689419507940e-03 0.000000000000000000e+00
0.000000000000000000e+00 2.679548689419507940e-03 0.000000000000000000e+00
0.000000000000000000e+00 3.190492703847572220e-02 0.000000000000000000e+00
0.000000000000000000e+00 3.723058787830131611e-02 0.000000000000000000e+00
0.000000000000000000e+00 3.190492703847572220e-02 0.000000000000000000e+00
0.000000000000000000e+00 2.679548689419507940e-03 0.000000000000000000e+00
0.000000000000000000e+00 2.679548689419507940e-03 0.000000000000000000e+00
0.000000000000000000e+00 3.190492703847572220e-02 0.000000000000000000e+00
0.000000000000000000e+00 3.190492703847572220e-02 0.000000000000000000e+00
0.000000000000000000e+00 3.190492703847572220e-02 0.000000000000000000e+00
0.000000000000000000e+00 3.190492703847572220e-02 0.000000000000000000e+00
0.000000000000000000e+00 3.190492703847572220e-02 0.000000000000000000e+00
0.000000000000000000e+00 3.190492703847572220e-02 0.000000000000000000e+00
0.000000000000000000e+00 2.679548689419507940e-03 0.000000000000000000e+00
0.000000000000000000e+00 2.679548689419507940e-03 0.000000000000000000e+00
0.000000000000000000e+00 3.190492703847572220e-02 0.000000000000000000e+00
0.000000000000000000e+00 4.252638204798726146e-02 0.000000000000000000e+00
0.000000000000000000e+00 2.679548689419507940e-03 0.000000000000000000e+00
0.000000000000000000e+00 2.679548689419507940e-03 0.000000000000000000e+00
Center of mass derivatives - z
0.000000000000000000e+00 0.000000000000000000e+00 2.679548689419507940e-03
0.000000000000000000e+00 0.000000000000000000e+00 3.190492703847572220e-02
0.000000000000000000e+00 0.000000000000000000e+00 2.679548689419507940e-03
0.000000000000000000e+00 0.000000000000000000e+00 2.679548689419507940e-03
0.000000000000000000e+00 0.000000000000000000e+00 3.190492703847572220e-02
0.000000000000000000e+00 0.000000000000000000e+00 2.679548689419507940e-03
0.000000000000000000e+00 0.000000000000000000e+00 3.190492703847572220e-02
0.000000000000000000e+00 0.000000000000000000e+00 3.190492703847572220e-02
0.000000000000000000e+00 0.000000000000000000e+00 3.190492703847572220e-02
0.000000000000000000e+00 0.000000000000000000e+00 2.679548689419507940e-03
0.000000000000000000e+00 0.000000000000000000e+00 3.190492703847572220e-02
0.000000000000000000e+00 0.000000000000000000e+00 3.190492703847572220e-02
0.000000000000000000e+00 0.000000000000000000e+00 3.723058787830131611e-02
0.000000000000000000e+00 0.000000000000000000e+00 3.190492703847572220e-02
0.000000000000000000e+00 0.000000000000000000e+00 2.679548689419507940e-03
0.000000000000000000e+00 0.000000000000000000e+00 2.679548689419507940e-03
0.000000000000000000e+00 0.000000000000000000e+00 3.723058787830131611e-02
0.000000000000000000e+00 0.000000000000000000e+00 3.190492703847572220e-02
0.000000000000000000e+00 0.000000000000000000e+00 2.679548689419507940e-03
0.000000000000000000e+00 0.000000000000000000e+00 3.190492703847572220e-02
0.000000000000000000e+00 0.000000000000000000e+00 6.377009256162974316e-02
0.000000000000000000e+00 0.000000000000000000e+00 3.190492703847572220e-02
0.000000000000000000e+00 0.000000000000000000e+00 3.190492703847572220e-02
0.000000000000000000e+00 0.000000000000000000e+00 3.723058787830131611e-02
0.000000000000000000e+00 0.000000000000000000e+00 3.190492703847572220e-02
0.000000000000000000e+00 0.000000000000000000e+00 2.679548689419507940e-03
0.000000000000000000e+00 0.000000000000000000e+00 2.679548689419507940e-03
0.000000000000000000e+00 0.000000000000000000e+00 3.190492703847572220e-02
0.000000000000000000e+00 0.000000000000000000e+00 3.723058787830131611e-02
0.000000000000000000e+00 0.000000000000000000e+00 3.190492703847572220e-02
0.000000000000000000e+00 0.000000000000000000e+00 2.679548689419507940e-03
0.000000000000000000e+00 0.000000000000000000e+00 2.679548689419507940e-03
0.000000000000000000e+00 0.000000000000000000e+00 3.190492703847572220e-02
0.000000000000000000e+00 0.000000000000000000e+00 3.190492703847572220e-02
0.000000000000000000e+00 0.000000000000000000e+00 3.190492703847572220e-02
0.000000000000000000e+00 0.000000000000000000e+00 3.190492703847572220e-02
0.000000000000000000e+00 0.000000000000000000e+00 3.190492703847572220e-02
0.000000000000000000e+00 0.000000000000000000e+00 3.190492703847572220e-02
0.000000000000000000e+00 0.000000000000000000e+00 2.679548689419507940e-03
0.000000000000000000e+00 0.000000000000000000e+00 2.679548689419507940e-03
0.000000000000000000e+00 0.000000000000000000e+00 3.190492703847572220e-02
0.000000000000000000e+00 0.000000000000000000e+00 4.252638204798726146e-02
0.000000000000000000e+00 0.000000000000000000e+00 2.679548689419507940e-03
0.000000000000000000e+00 0.000000000000000000e+00 2.679548689419507940e-03
Ground state dipole moment derivatives - x
1.354762395000000119e-01 4.593430460000000326e-02 3.298406289999999963e-02
-1.416181588000000047e-01 -2.805546099999999821e-01 3.541202419000000212e-01
1.112766116999999999e-01 2.594789440000000100e-02 1.698980329999999830e-02
1.401100053999999873e-01 3.174186799999999947e-02 -2.340685240000000070e-02
-9.446544969999999541e-02 -3.300597298999999873e-01 -3.073095304999999833e-01
-7.888843499999999287e-03 -5.461818090000000042e-02 -2.697757669999999858e-02
-9.839657250000000133e-02 -3.841066132000000022e-01 3.855711332999999796e-01
-2.904560969999999895e-02 3.171556558999999997e-01 -2.761356396999999907e-01
1.456142223000000124e-01 1.865399839999999990e-02 2.934744999999999888e-03
-3.872960980000000192e-02 2.536709770000000058e-02 4.742167900000000130e-02
-1.245722675999999945e-01 5.317047220999999713e-01 -2.342158799999999839e-03
-6.366308530000000521e-02 3.451266512999999758e-01 1.777954241999999963e-01
-3.205666884000000216e-01 7.746698779999999784e-02 -1.014943300000000024e-03
1.336344190000000043e-01 3.755676790000000292e-02 1.825921999999999962e-02
-2.117127950000000092e-02 2.576062180000000118e-02 -4.299391389999999979e-02
1.158011443000000057e-01 9.977232900000000682e-03 1.014650499999999924e-03
-1.639333547999999863e-01 -4.352234315999999881e-01 9.020571599999999135e-03
-5.855051609999999823e-02 -4.119511217999999864e-01 -2.735984281000000129e-01
-1.298842690000000070e-02 -6.657541960000000481e-02 1.997430849999999938e-02
-3.042456030000000033e-02 3.535803008999999775e-01 -1.695079268999999944e-01
8.694092536999999954e-01 9.407172889999999843e-02 1.764291260000000125e-02
-8.110810499999999978e-02 4.515099030999999985e-01 -2.129395353000000102e-01
-7.344056079999999875e-02 -3.290796960999999854e-01 -2.021675934999999924e-01
-1.718672948999999950e-01 -4.562786971000000191e-01 1.247039736000000038e-01
1.405454066000000057e-01 2.338107390000000035e-02 3.276978529999999973e-02
-1.571753180000000014e-02 1.591215740000000156e-02 -4.866709599999999997e-02
-3.412558649999999916e-02 -5.443755420000000178e-02 4.189394949999999951e-02
1.104966810999999938e-01 6.301769409999999350e-02 6.486806119999999343e-02
-3.480768907999999828e-01 9.562130639999999460e-02 -5.729030300000000075e-03
1.640512720000000119e-02 2.802357630000000266e-01 1.632441262000000060e-01
6.040103399999999928e-03 -1.393689350000000028e-02 -7.040936859999999409e-02
-2.030668149999999977e-02 -1.202509860000000076e-02 4.537213519999999667e-02
-5.782920519999999731e-02 5.260914706999999524e-01 -5.086368809999999852e-02
1.486746687999999927e-01 2.371314919999999854e-02 3.050163570000000157e-02
6.128965570000000085e-02 3.091301663000000088e-01 -3.779610123000000099e-01
1.597815890000000086e-02 -1.832652962000000108e-01 -4.114070019000000134e-01
3.073629253999999866e-01 -3.714350263999999791e-01 2.396733011999999940e-01
-1.829860620000000049e-01 -3.996874535000000117e-01 3.656720008000000077e-01
-6.178727499999999914e-03 -6.160383090000000339e-02 -1.673998689999999998e-02
-3.940314040000000156e-02 3.576350030000000069e-02 3.550173999999999691e-02
-8.749968569999999612e-02 -2.416731384999999954e-01 3.751797687999999797e-01
-3.847372292999999832e-01 2.679390389999999900e-01 -1.214686242999999943e-01
1.176205138000000067e-01 2.780833790000000055e-02 2.045200299999999985e-02
1.335559876000000090e-01 2.634239830000000004e-02 1.807867419999999864e-02
Ground state dipole moment derivatives - y
2.999184339999999907e-02 -3.856008310000000328e-02 -1.357875212999999914e-01
-2.170882098999999954e-01 1.198969484300000055e+00 -1.864150218900000100e+00
-5.342431999999999606e-04 -2.301054530000000084e-02 -9.502827869999999622e-02
8.234045100000000200e-03 3.008704799999999905e-03 1.463926728000000121e-01
-4.761225809999999892e-01 1.526481581899999940e+00 1.523269151600000093e+00
-6.795620750000000432e-02 5.815549190000000174e-02 -7.177143530000000549e-02
-3.465015446999999971e-01 1.852540822499999962e+00 -1.963267116899999998e+00
4.485348902999999887e-01 -1.650360541700000017e+00 1.554580713100000011e+00
1.942410690000000162e-02 8.035418299999999570e-03 1.192516199999999957e-02
4.507320060000000184e-02 7.932215030000000500e-02 -5.464375590000000033e-02
5.019321062999999583e-01 -2.736751611099999870e+00 -1.108034229999999981e-01
6.675723212999999934e-01 -1.891568860600000068e+00 -1.073121136599999970e+00
-4.290576549999999822e-02 -7.085814164999999498e-01 3.658620239999999663e-02
-4.762171499999999676e-03 -5.764932629999999780e-02 -7.700460000000000117e-03
2.514508899999999894e-02 9.845411340000000122e-02 4.231884949999999840e-02
-2.622833819999999955e-02 1.203122539999999970e-02 8.892318740000000610e-02
-4.012237926000000177e-01 2.191736163099999857e+00 -1.769068280999999965e-01
-5.925593371999999803e-01 2.152590715900000173e+00 1.421043951299999941e+00
-6.336762079999999631e-02 7.491516039999999987e-02 6.322031440000000502e-02
4.097142998000000147e-01 -2.206796331100000064e+00 8.015054658000000387e-01
9.261061110000000374e-02 3.154628722000000218e-01 2.636596059999999839e-02
3.836726614000000035e-01 -2.565192753999999908e+00 8.420646525999999632e-01
-3.979926272000000043e-01 1.886531863399999898e+00 1.235744858299999915e+00
-3.549082261000000016e-01 2.276273810599999781e+00 -4.281995209000000191e-01
1.903017419999999960e-02 -2.786269000000000072e-04 -3.645242189999999688e-02
2.191385759999999946e-02 8.954140800000000289e-02 3.407809109999999919e-02
-5.908414499999999764e-02 7.771467399999999748e-02 4.039403800000000017e-02
6.173262759999999932e-02 -6.568080630000000530e-02 -2.265629554999999962e-01
7.062619370000000618e-02 -5.747679191000000243e-01 2.124884566999999946e-01
3.178106721999999773e-01 -1.520385091200000094e+00 -8.546800501000000327e-01
5.855025800000000086e-03 5.281966789999999884e-02 4.299664169999999758e-02
-4.112113369999999962e-02 3.922552409999999906e-02 5.601889980000000074e-02
4.690844866000000168e-01 -2.576443863400000200e+00 -9.667615860000000616e-02
-2.100053169999999830e-02 -3.629611640000000167e-02 -2.226714819999999970e-02
2.791978455999999942e-01 -1.812762559300000076e+00 1.680583697799999943e+00
-3.098962840999999746e-01 1.032443841300000109e+00 2.314826290800000130e+00
-3.692625708999999756e-01 2.000553008699999857e+00 -1.472058431600000050e+00
-2.254970762000000073e-01 1.794606506999999906e+00 -1.730326333899999902e+00
-6.248206709999999664e-02 6.408546440000000011e-02 -8.895187400000000022e-02
5.237164629999999793e-02 8.361409170000000390e-02 -4.905166679999999751e-02
-1.966594559000000020e-01 1.151306558799999991e+00 -2.126882219200000090e+00
2.942146198999999740e-01 -1.671723442600000054e+00 6.562512754999999531e-01
2.527181010000000005e-02 -8.949216299999999957e-03 -7.375198230000000466e-02
2.813979529999999923e-02 2.533878700000000150e-02 -7.253759579999999318e-02
Ground state dipole moment derivatives - z
1.126278449999999938e-02 -4.547520590000000279e-02 4.369329699999999900e-02
1.513099599999999942e-03 -6.376075450000000255e-02 3.043544020000000239e-01
2.224322239999999840e-02 -8.737222699999999675e-02 4.945163500000000420e-03
3.322532300000000105e-03 6.138009900000000046e-02 -9.139098899999999887e-03
8.130155719999999919e-02 -3.926621184999999903e-01 -2.224898295999999942e-01
-7.993569250000000237e-02 -4.544434160000000028e-02 -3.062238670000000038e-02
1.462738230000000007e-02 -6.618937299999999579e-02 -5.112032100000000329e-03
-5.546966119999999917e-02 1.926700672999999975e-01 -1.080529754000000009e-01
2.598955500000000186e-03 1.492411480000000075e-02 -8.591366840000000393e-02
9.031555950000000332e-02 -2.613895689999999952e-02 -2.386445720000000131e-02
-4.008198920000000109e-02 8.533243440000000402e-02 6.373353376999999487e-01
-1.507296472999999914e-01 4.358693257999999848e-01 3.129287405000000244e-01
1.380900560000000027e-02 4.720988460000000164e-02 -3.734987475000000057e-01
5.485454740000000190e-02 -6.142298289999999911e-02 -1.807045475999999873e-01
-7.975875990000000360e-02 7.003600900000000323e-03 -1.546491330000000081e-02
2.947140400000000139e-03 9.027951539999999608e-02 -3.971550930000000007e-02
1.234214738999999950e-01 -6.259567179999999675e-01 -2.455114462000000108e-01
1.773664078999999949e-01 -6.742875914999999498e-01 -5.132036801999999565e-01
7.094340559999999518e-02 1.253873900000000013e-02 -1.105436129999999920e-02
-3.042118368000000239e-01 1.528880920700000035e+00 5.344872205999999792e-01
2.939290270000000094e-02 1.263516010000000078e-02 4.106748711000000052e-01
-2.321195426999999867e-01 9.583074798999999810e-01 3.995579161999999740e-01
2.042086952000000122e-01 -1.184102643099999908e+00 -1.076069880799999989e+00
4.922618379999999655e-02 -2.651564088999999735e-01 -3.092658836000000133e-01
3.795691179999999970e-02 -3.085953290000000016e-02 -9.009673930000000608e-02
-9.422266710000000434e-02 2.889302600000000047e-03 -6.772837180000000623e-02
1.001511679999999987e-01 8.562470900000000718e-03 -3.524538859999999663e-02
8.862602179999999608e-02 -1.951820019999999933e-01 3.220156460000000304e-02
3.425064700000000212e-02 -4.897172889999999723e-02 -1.230231465399999946e+00
-4.526957010000000337e-02 9.282868569999999653e-02 1.056564158100000039e+00
-1.033665780999999950e-01 3.638262510000000310e-02 -3.070833489999999846e-02
7.551369970000000598e-02 8.570639169999999529e-02 -9.332306300000000818e-03
2.782845150000000031e-02 -5.567878523000000524e-01 9.300756027000000037e-01
2.119587899999999907e-03 5.247067150000000318e-02 -1.872013778999999933e-01
-1.200238698000000021e-01 4.969636790999999998e-01 6.949883880999999652e-01
6.029550830000000167e-02 -1.061988667999999997e-01 -8.842599010999999676e-01
8.226118309999999600e-02 -5.405627802000000370e-01 1.277314565700000015e+00
-4.406957460000000132e-02 3.706993579999999788e-01 -7.858620522999999469e-01
-6.982723990000000436e-02 -3.427143810000000262e-02 -1.368946310000000027e-02
7.606985850000000382e-02 -2.136570969999999903e-02 1.180616020000000051e-02
-2.603985890000000067e-02 -1.886649519999999969e-02 4.948922854000000204e-01
-1.277224375000000078e-01 5.895108382000000535e-01 -6.344260212000000232e-01
2.121895639999999902e-02 -6.610312059999999545e-02 1.547566040000000059e-02
1.320207590000000049e-02 -2.590651650000000070e-02 5.716950640000000028e-02
Excited state dipole moment derivatives - x
1.298239422999999948e-01 4.242815180000000103e-02 2.129657930000000005e-02
-1.962027791000000021e-01 1.230180589999999990e-01 -2.887621020999999732e-01
1.061255131999999934e-01 3.146488740000000228e-02 3.088037100000000108e-03
1.336660658000000113e-01 3.060444650000000016e-02 -1.216219950000000001e-02
-2.398827775000000051e-01 2.203544738000000058e-01 2.162280849999999865e-01
4.536601799999999754e-03 -2.360680880000000023e-02 -4.596174299999999935e-02
-3.018004193000000113e-01 4.511264068999999988e-01 -4.252836092000000234e-01
2.530879804999999760e-01 -3.383553127000000216e-01 3.815625905999999734e-01
1.084679010999999998e-01 8.393546899999999866e-03 1.767970530000000096e-02
-2.892703690000000133e-02 4.796280740000000153e-02 3.170566729999999694e-02
2.615220954999999958e-01 -9.278558931000000509e-01 -1.660869026000000026e-01
3.352084431999999836e-01 -4.352118342999999889e-01 -5.121718444999999731e-01
-4.129217949999999804e-01 7.689236839999999407e-02 9.021823299999999490e-02
9.367369150000000311e-02 -1.484918390000000005e-02 3.282898690000000258e-02
-1.820571210000000023e-02 5.717694470000000279e-02 -2.985918070000000146e-02
9.858247280000000112e-02 1.752286449999999884e-02 1.214786829999999970e-02
-4.810503681000000142e-01 1.014146628300000019e+00 -1.393800097000000016e-01
-4.149936258999999961e-01 7.477228066000000117e-01 4.406692830000000227e-01
-1.202774600000000062e-02 -2.446404729999999972e-02 4.800764539999999997e-02
2.642435411999999872e-01 -1.015997649700000061e+00 2.838901608000000132e-01
8.935689227999999984e-01 -9.820417019999999608e-02 3.514117919999999728e-02
2.617330762000000255e-01 -1.071767445599999924e+00 2.419087406000000051e-01
-3.344082537999999993e-01 6.395080482999999649e-01 4.567867369999999982e-01
-4.716887344999999843e-01 1.053429124600000044e+00 -4.914691179999999826e-02
9.772233330000000551e-02 -2.273684700000000013e-03 6.095327980000000284e-02
-1.150580430000000022e-02 4.830194659999999945e-02 -4.356625229999999682e-02
-1.947934130000000125e-02 -1.313807160000000050e-02 4.933113690000000273e-02
1.165569753000000042e-01 6.416380089999999814e-02 6.950435670000000565e-02
-3.194483093000000107e-01 2.816032300000000099e-02 4.268447150000000134e-02
1.655769967999999870e-01 -3.943069779999999747e-01 -3.822718267999999919e-01
1.902972599999999941e-03 2.779215499999999981e-03 -6.963876389999999750e-02
-2.103757529999999987e-02 8.241742700000000491e-03 4.105740590000000328e-02
2.681854955999999901e-01 -9.921332100999999959e-01 -1.958031303999999972e-01
1.031419289999999933e-01 1.309140400000000006e-03 3.885459119999999655e-02
1.396696366999999883e-01 -3.320498396000000074e-01 4.070636791000000199e-01
-1.342456887000000043e-01 3.446030118999999781e-01 4.009349310000000222e-02
2.898761277999999941e-01 -3.487531595999999734e-01 7.447412189999999543e-02
-3.319035399999999969e-01 4.750051008000000241e-01 -4.502972400999999958e-01
3.287152900000000089e-03 -2.746316710000000147e-02 -4.840993240000000114e-02
-3.261984090000000225e-02 6.091660809999999843e-02 1.931111989999999973e-02
-2.182064951000000086e-01 1.230901375999999964e-01 -2.474759005000000123e-01
-4.026241227999999839e-01 2.787741872999999759e-01 -7.253747959999999606e-02
1.263051108999999894e-01 3.281646209999999897e-02 9.710983499999999158e-03
1.467149872000000077e-01 3.051721459999999844e-02 1.261689080000000067e-02
Excited state dipole moment derivatives - y
4.979350300000000284e-02 -2.033655079999999865e-02 -7.167718789999999451e-02
1.176824353999999934e-01 -1.044202410700000083e+00 1.633655980499999938e+00
7.071007760000000419e-02 -4.927583979999999864e-02 -1.529179859999999988e-02
3.879680070000000175e-02 1.184840080000000052e-02 8.320649739999999572e-02
3.613019829999999932e-01 -1.423405010400000004e+00 -1.335002033200000104e+00
-5.670305889999999877e-02 -9.550593629999999667e-02 2.516194009999999856e-02
5.197215255999999561e-01 -3.147445027099999848e+00 2.903987156299999928e+00
-4.739607317999999792e-01 1.913528716599999902e+00 -2.549307927200000101e+00
-4.986315800000000117e-03 6.025669659999999955e-02 -2.979020979999999832e-02
7.717682439999999644e-02 -6.107328060000000169e-02 3.978312430000000011e-02
-1.021663269000000041e+00 5.867169703700000127e+00 7.099314769000000247e-01
-8.690578230000000071e-01 2.444216295099999936e+00 2.094642711600000151e+00
2.515530012000000148e-01 -6.849016723999999945e-01 4.230286300000000305e-03
7.398041630000000424e-02 1.776332664999999977e-01 -5.919858900000000285e-02
5.759236809999999929e-02 -8.040278380000000225e-02 -3.976762930000000279e-02
9.553239619999999432e-02 -1.719743270000000102e-02 3.010352640000000038e-02
9.479228397000000195e-01 -6.169135175800000148e+00 6.414290944999999633e-01
8.627028853999999525e-01 -3.775384777699999805e+00 -2.097536795799999965e+00
-2.314465320000000034e-02 -1.244637006000000046e-01 -7.691544729999999497e-02
-1.034833783500000104e+00 5.594586806399999723e+00 -1.751303836700000005e+00
-9.121909189999999334e-02 1.393687545799999983e+00 -7.321022500000000377e-02
-7.528151913999999723e-01 5.605252232099999787e+00 -1.787101346800000101e+00
7.286938616999999452e-01 -3.618220331499999887e+00 -2.519811086099999820e+00
8.592420750999999468e-01 -6.165485975700000232e+00 5.151287611000000544e-01
1.547850159999999975e-02 8.112306169999999872e-02 -6.840879010000000537e-02
6.725841859999999450e-02 -7.599079470000000280e-02 -1.503909630000000060e-02
-4.056865190000000232e-02 -9.937581419999999555e-02 -1.828724149999999896e-02
6.114383469999999654e-02 -6.670737540000000465e-02 -2.253732585999999871e-01
-4.882580999999999727e-02 -2.575427212999999993e-01 -1.471395843999999953e-01
-4.334925715999999873e-01 2.187159713099999792e+00 2.256099878600000164e+00
3.528724770000000316e-02 -3.822322820000000065e-02 4.329453710000000233e-02
-2.821647459999999941e-02 -5.964273300000000333e-02 7.656791749999999896e-02
-1.061730392799999922e+00 5.840533486500000038e+00 7.334622134999999599e-01
7.634163419999999423e-02 1.358543346999999957e-01 -2.061551730000000041e-02
-1.198304018999999943e-01 1.864485832600000004e+00 -2.636055217700000064e+00
3.640223968999999893e-01 -1.856547398100000024e+00 -2.921407538999999942e-01
-3.806103701999999922e-01 1.798954676199999936e+00 -4.995127523999999819e-01
2.169347821000000009e-01 -3.181236340599999934e+00 2.694912293799999858e+00
-6.132997739999999920e-02 -1.110193473000000014e-01 7.736918449999999337e-02
7.084489770000000630e-02 -7.551718720000000218e-02 5.543295119999999687e-02
9.692344810000000366e-02 -9.998999658999999651e-01 1.390325148000000066e+00
3.065732603999999917e-01 -1.680375368400000013e+00 3.645196318000000213e-01
4.523107450000000279e-02 -2.159284109999999937e-02 -5.597344399999999894e-03
3.454607920000000304e-02 2.381625290000000117e-02 -3.916064229999999952e-02
Excited state dipole moment derivatives - z
1.605675839999999924e-02 -4.573339490000000174e-02 3.629388909999999718e-02
-6.037048939999999780e-02 3.635310280999999866e-01 -9.159528279999999689e-02
-8.473317500000000779e-03 -7.201439599999999441e-02 -1.277853290000000031e-02
-7.462952400000000264e-03 5.830919290000000088e-02 -1.818933999999999915e-03
2.330398999999999980e-04 -2.124586102000000087e-01 1.572754031999999969e-01
-6.028732109999999922e-02 3.086995390000000020e-02 -4.680512599999999725e-03
-2.945604716999999928e-01 1.714017325599999975e+00 -2.002342064700000090e+00
-9.071192849999999697e-02 1.088575088999999968e-01 2.152336440000000017e+00
7.938783300000000140e-03 -1.250702048000000011e-01 -3.510786126000000062e-01
5.384137399999999740e-02 4.571661280000000049e-02 -2.239891099999999965e-03
3.841996024000000065e-01 -2.088693582399999915e+00 1.078154580599999912e+00
-1.036303484999999969e-01 4.014485400000000065e-03 1.731097590899999927e+00
9.649455619999999789e-02 -1.242601584999999953e-01 -1.864548802799999905e+00
4.130675079999999999e-02 4.178763349999999738e-02 -3.592840049000000091e-01
-7.108127890000000282e-02 3.625430600000000003e-03 1.617365800000000004e-03
2.079974340000000088e-02 8.463359019999999733e-02 -3.328175729999999916e-02
-1.435148296000000046e-01 8.707933530999999450e-01 -5.289927424999999461e-01
3.787584638000000004e-01 -1.352720391000000077e+00 -1.171155686300000109e+00
6.294115679999999491e-02 1.157520469999999933e-02 1.189037329999999976e-02
-5.935723739999999859e-02 6.759721840000000592e-02 9.457708253000000065e-01
4.980818940000000111e-02 -1.371284070999999882e-01 5.184595985000000073e-01
-3.505601067999999931e-01 1.076971509999999910e+00 9.833001660000000310e-01
5.282813499999999829e-02 -3.736408475999999923e-01 -3.745343857000000276e-01
-1.413623949999999983e-02 3.648716631999999738e-01 -4.815075732999999913e-01
7.775656070000000475e-02 4.511374449999999703e-02 -3.868352730999999878e-01
-7.291690609999999795e-02 -2.402111599999999861e-02 -1.694748930000000015e-02
7.166861509999999935e-02 -1.594116809999999995e-02 1.780681519999999934e-02
7.221006030000000353e-02 -1.483302595000000057e-01 1.383068500000000055e-02
2.913655960000000045e-02 -2.514259539999999862e-02 -1.023165254900000098e+00
4.675421020000000011e-02 -1.948290488999999959e-01 5.217943041000000504e-01
-9.018268529999999561e-02 -1.683660399999999937e-03 -2.764062990000000150e-02
7.665823889999999474e-02 3.788692390000000104e-02 -4.782043199999999779e-03
1.552879172999999946e-01 -1.208155422099999932e+00 8.497560901999999805e-01
6.733085599999999969e-03 -1.457993670999999936e-01 -3.506443334000000078e-01
-7.059368739999999365e-02 -1.451670287999999864e-01 1.138217867899999902e+00
-1.346860170000000086e-02 1.152980985000000014e-01 -4.468320330000000173e-01
1.038768344000000066e-01 -6.429186408000000519e-01 1.167269934399999931e+00
-1.116322111999999978e-01 1.051300377500000049e+00 -1.077201780600000047e+00
-6.385935939999999589e-02 1.738446630000000173e-02 -3.381636849999999916e-02
6.589363769999999343e-02 3.065808009999999861e-02 -4.581842200000000101e-03
-9.073444079999999634e-02 4.319581922999999879e-01 -7.134209280000000652e-02
-1.360439118000000003e-01 6.282677132999999747e-01 -6.402799042000000274e-01
2.354127049999999929e-02 -7.346487570000000134e-02 -8.783153199999999342e-03
1.885478120000000021e-02 -4.786613239999999714e-02 4.781905200000000078e-02
Transition dipole moment derivatives - x
1.900752999999999926e-04 -6.756938799999999933e-03 -5.665623399999999976e-03
4.351194220000000057e-02 -3.402354180000000117e-02 2.228413289999999977e-02
9.504919900000000435e-03 6.003007000000000308e-04 7.038173000000000215e-04
-1.048696999999999965e-04 -1.401009200000000003e-03 2.859084999999999925e-03
5.167754869999999917e-02 -2.871328760000000160e-02 -1.237608689999999956e-02
8.912552699999999606e-03 -7.813305700000000228e-03 1.302208820000000031e-02
-3.531462850000000042e-02 -6.309839870000000239e-02 5.112732040000000228e-02
7.731491100000000005e-02 3.891149869999999816e-02 -9.468999749999999771e-02
-8.874841200000000568e-03 4.091259600000000073e-03 3.401099999999999675e-05
5.780649399999999820e-03 1.639487999999999926e-03 -3.900384600000000000e-03
4.766042909999999855e-02 1.202475813999999976e-01 1.497349100000000023e-02
8.735498490000000171e-02 4.417733480000000240e-02 -1.660879510000000114e-01
-1.499528349999999961e-02 -3.921921500000000171e-02 1.014375710000000042e-01
1.289701549999999926e-02 -8.398378899999999619e-03 -1.024798770000000074e-02
-2.154388499999999873e-03 -7.723479499999999845e-03 6.369805999999999776e-04
6.116467199999999632e-03 4.150320899999999751e-03 -3.241703199999999927e-03
2.536195509999999986e-02 -1.574514095000000002e-01 6.895349000000000617e-02
-1.017995785000000014e-01 1.221241695999999988e-01 1.633261775000000027e-01
-1.520622609999999937e-02 1.370292599999999939e-03 1.379855999999999965e-02
-1.172975334999999952e-01 2.625993657999999842e-01 -3.647297000000000191e-04
-1.015076630000000084e-02 4.147918440000000068e-02 3.573217999999999967e-03
1.091366448000000017e-01 -1.124566929000000021e-01 -4.709381790000000123e-02
9.292178439999999873e-02 -2.163986980000000004e-01 -1.899628914000000002e-01
6.898694000000000354e-03 -4.141249629999999710e-02 -5.968048530000000240e-02
-1.324972190000000064e-02 1.134629510000000063e-02 1.470196089999999990e-02
2.168001399999999832e-03 4.582567600000000269e-03 -2.438433199999999901e-03
1.471624600000000054e-02 -6.919047000000000218e-03 -1.541019499999999980e-02
-9.070570999999999929e-04 8.984690000000000200e-05 2.578573999999999818e-04
2.882168090000000044e-02 -4.498228100000000416e-03 -1.015870224000000044e-01
-6.494718119999999539e-02 7.882376199999999167e-03 1.654037402000000101e-01
-6.263074199999999619e-03 -1.747075399999999980e-03 -3.006478800000000201e-03
-5.978718699999999858e-03 1.591088899999999924e-03 6.254964499999999747e-03
-8.771075859999999391e-02 9.429407909999999726e-02 -1.086830729999999946e-02
9.859948800000000596e-03 -4.324424900000000196e-03 -1.298686100000000102e-03
-8.539272539999999412e-02 1.022542213000000033e-01 -2.078245960000000073e-02
-2.806716210000000100e-02 -1.187516399999999925e-03 -1.260716171000000052e-01
6.317454099999999725e-03 -8.106425940000000496e-02 8.773130049999999791e-02
4.368175839999999949e-02 -6.413582819999999463e-02 6.684072959999999564e-02
-8.866390599999999372e-03 2.952237500000000087e-03 -1.075114599999999962e-02
-4.606407100000000331e-03 -5.022639300000000286e-03 5.364979899999999628e-03
-3.991300989999999743e-02 -4.226042680000000051e-02 1.074309041000000020e-01
-3.324869910000000095e-02 6.620955609999999714e-02 -3.089060440000000046e-02
-7.677593600000000122e-03 -8.146597000000000430e-04 5.013256999999999696e-04
1.920951400000000088e-03 4.247891600000000371e-03 5.198902800000000310e-03
Transition dipole moment derivatives - y
-5.557318799999999732e-03 2.382935710000000026e-02 1.852805019999999997e-02
-4.526847900000000036e-02 2.401731716999999933e-01 -2.101780286000000109e-01
-3.310947000000000065e-04 3.691857599999999982e-03 -3.579489099999999969e-03
-3.013905600000000087e-03 1.469728579999999944e-02 -1.816417619999999983e-02
-7.698796269999999553e-02 2.599979417000000126e-01 1.393619574000000139e-01
-9.889300599999999511e-03 1.469235930000000086e-02 -2.909119940000000001e-02
1.067133999999999937e-04 2.897844219999999929e-02 1.601121622999999994e-01
1.045379342000000017e-01 -3.002148129000000165e-01 1.838718979999999850e-02
1.672579999999999900e-03 -4.322540350000000225e-02 1.390516940000000035e-02
8.421740999999999949e-03 1.966117070000000105e-02 -3.098489720000000003e-02
3.133397730000000297e-02 -1.420897915000000067e-01 -1.550211286000000022e-01
7.255509759999999309e-02 -2.398282411000000058e-01 2.741968825000000165e-01
-5.571625270000000324e-02 2.325551207000000065e-01 -9.498733010000000310e-02
-4.289718900000000397e-03 5.594607039999999892e-02 1.191520390000000082e-02
-1.678566520000000090e-02 2.361544000000000035e-04 -3.021924000000000138e-02
5.050722599999999882e-03 -9.568239999999999721e-05 7.755842500000000375e-03
-1.165937118999999939e-01 5.925721114999999983e-01 -4.586161758000000255e-01
8.490384789999999571e-02 -1.780180818000000054e-01 -3.359566144000000198e-01
1.869256849999999942e-02 9.868069700000000818e-03 -2.744114840000000041e-02
2.017001999999999962e-01 -1.249521508499999989e+00 2.208354859999999906e-02
6.029516559999999886e-02 -2.183404012000000061e-01 3.228915090000000071e-02
-4.929612159999999937e-02 1.135776975999999994e-01 1.914251321000000061e-01
-2.003069526000000045e-01 1.010165246699999964e+00 8.219688504000000062e-01
-1.252889930999999957e-01 4.834166792999999851e-01 3.039863525000000011e-01
3.683666000000000045e-04 -5.006594720000000220e-02 -2.344629809999999870e-02
6.372442300000000399e-03 2.204786679999999957e-02 3.245310120000000076e-02
-1.835492899999999900e-02 1.653985989999999864e-02 3.010933580000000123e-02
-8.329523199999999336e-03 -2.092977609999999850e-02 4.246161870000000199e-02
5.247912300000000078e-03 -3.801152210000000031e-02 2.012995673999999902e-01
6.013508370000000131e-02 -2.134429703000000067e-01 -5.372882074000000507e-01
5.525200099999999677e-03 -1.147920100000000007e-03 -1.143294169999999922e-02
-9.363687999999999786e-04 -3.795360800000000066e-03 -1.050249969999999915e-02
1.605838145000000050e-01 -9.933287890999999981e-01 1.438695328000000051e-01
-3.141547599999999947e-03 4.380934429999999713e-02 -1.194949369999999920e-02
7.741559870000000454e-02 -4.982447141999999940e-01 5.041405266999999801e-01
-4.375786699999999890e-02 4.715386810000000289e-02 7.107472881999999936e-01
-8.094677209999999457e-02 4.332496677000000074e-01 -4.680926369999999781e-01
-7.041528900000000590e-02 6.725264843999999576e-01 -7.863343439000000101e-01
9.831149000000000832e-03 1.477747570000000066e-02 1.615645330000000171e-02
-1.817402460000000150e-02 7.808640300000000041e-03 1.864709809999999870e-02
-3.503611720000000124e-02 1.931571655000000054e-01 -6.081500388999999673e-01
7.186868809999999441e-02 -3.626182420999999878e-01 1.641485038000000118e-01
-2.166022899999999959e-03 6.648830300000000207e-03 -3.334899100000000144e-03
3.965135499999999577e-03 -8.858774599999999153e-03 -2.517773109999999967e-02
Transition dipole moment derivatives - z
1.999032999999999886e-03 3.298359060000000120e-02 2.096027049999999933e-02
6.927750809999999593e-02 -5.053578890000000323e-02 1.747413666000000032e-01
-2.595537319999999953e-02 3.021501130000000049e-02 1.987365740000000131e-02
-3.142970200000000207e-03 -3.212479719999999928e-02 3.006299210000000152e-02
-2.027572919999999848e-02 -1.714190066000000068e-01 -5.657645020000000302e-02
1.707790650000000007e-02 2.526144339999999988e-02 4.410885369999999889e-02
-2.203070249000000091e-01 1.096448150100000074e+00 -1.938269770800000069e+00
-2.074912938000000040e-01 5.370470841000000162e-01 1.935681989099999889e+00
-2.610572299999999908e-03 5.529304089999999977e-02 -1.001799263999999939e-01
-2.777355709999999867e-02 1.627047369999999951e-02 4.429569359999999817e-02
3.360678079000000151e-01 -1.662865280199999907e+00 5.091107709000000092e-01
-2.025131477999999874e-01 2.122563973999999909e-01 2.116032119699999825e+00
1.317410709999999874e-01 -1.921757152999999940e-01 -1.561848286200000047e+00
-2.022828390000000129e-02 7.691821800000000001e-03 1.073408795999999943e-01
-1.089510450000000068e-02 1.819889909999999889e-02 -2.470365310000000036e-02
3.661354389999999653e-02 -2.162455489999999883e-02 2.429122969999999992e-02
-1.316817879000000135e-01 8.120758652999999772e-01 2.018741559999999990e-01
5.317882225000000185e-01 -1.670740528500000099e+00 -1.663256592900000053e+00
1.605830750000000057e-02 2.213429139999999878e-02 -2.537582110000000113e-02
1.783607296999999980e-01 -9.907281641999999833e-01 -1.577400388999999903e-01
2.391603300000000060e-03 3.483665880000000326e-02 -1.737886891000000045e-01
-3.937510310999999819e-01 1.937390646299999908e+00 3.119088479999999886e-02
-2.258084009000000114e-01 9.698670928999999497e-01 1.004440525199999934e+00
1.505488188000000116e-01 -1.111329774099999890e+00 2.774476605999999790e-01
2.448600719999999981e-02 -5.468237029999999804e-02 -1.006423035999999965e-01
1.933691140000000017e-02 -2.415989539999999908e-02 3.948548129999999989e-02
-2.120218960000000083e-02 -3.037349959999999932e-02 3.363261029999999735e-02
6.376545800000000229e-03 7.414945520000000567e-02 -1.649100440999999861e-01
-9.544340079999999449e-02 2.538527432000000084e-01 1.245105513399999975e+00
1.601750630000000133e-02 2.466623079999999968e-01 -1.452837405799999981e+00
9.381529000000000213e-04 -1.997494910000000012e-02 -4.579219999999999840e-05
-2.538283200000000187e-03 -2.884127090000000032e-02 7.234855000000000105e-04
-2.411562620999999906e-01 1.483270320499999961e+00 -3.667071633000000275e-01
1.204448320000000086e-02 -8.732383899999999685e-03 1.166706364999999940e-01
1.296166515000000130e-01 -4.289542195000000113e-01 -1.436951108299999946e+00
2.740356390000000045e-02 -9.471208579999999821e-02 -1.874941317000000107e-01
3.096936570000000111e-02 -1.830290554000000014e-01 1.339192959999999932e-01
1.162120019999999948e-01 -1.008916238799999920e+00 1.384618231199999938e+00
-2.121928780000000014e-02 -4.096129929999999669e-02 -3.397487359999999679e-02
2.609034320000000115e-02 -3.411687790000000192e-02 -3.033572509999999875e-02
-1.222576990000000079e-02 -7.610446100000000345e-03 7.057504739999999333e-02
-1.213401459999999960e-02 6.208240720000000185e-02 -6.670656299999999650e-02
1.118259320000000029e-02 -2.882028960000000001e-02 -1.340783169999999920e-02
5.754806299999999999e-03 -3.055920999999999985e-02 -1.043118009999999957e-02